Custom stopping criteria not supplied by the user. Using max. time = 15s and max. stall_offset = 0
Using 1 threads for decoding
initialization time: 0.0292981
best warm start solution: 534.927
TSP tour:
0 64 23 69 40 66 32 27 58 29 59 22 67 54 24 72 3 55 20 45 50 48 2 10 35 73 46 53 39 36 37 5 16 41 52 18 47 26 38 44 70 33 56 9 30 11 14 61 68 15 71 8 6 31 7 62 34 28 43 12 1 65 42 60 57 4 74 25 13 49 19 51 17 21 63 
Operations:
0,23,66|66,27,20|20,2,10|10,73,46|46,36,37|37,16,18|18,44,70|70,33,11|11,14,31|31,34,12|12,65,60|60,74,49|49,17,21|21,63,0|
method: def_initPop
seed: 2700001
Instance: 1
best_fitness: 529.039
current_iteration: 411
last_update_iteration: 111
current_time: 15.0063s
last_update_time: 3.85837s
largest_iteration_offset: 93
stalled_iterations: 300
path_relink_time: 0s
num_path_relink_calls: 0
num_homogenities: 0
num_best_improvements: 0
num_elite_improvements: 0
num_exchanges: 0
num_shakes: 0
num_resets: 0
