Custom stopping criteria not supplied by the user. Using max. time = 15s and max. stall_offset = 0
Using 1 threads for decoding
initialization time: 0.0220652
best warm start solution: 534.927
TSP tour:
0 64 23 69 40 66 32 29 59 22 58 27 54 24 72 3 55 67 20 45 50 48 10 2 35 73 46 53 39 36 37 41 16 18 52 47 5 38 44 26 70 33 56 9 30 11 61 14 68 15 71 8 6 31 7 62 34 28 43 12 1 65 42 60 57 4 74 25 13 49 19 51 21 17 63 
Operations:
0,64,23|23,27,54|54,67,20|20,45,50|50,2,35|35,73,36|36,16,18|18,47,38|38,26,70|70,33,11|11,14,31|31,34,12|12,65,60|60,74,49|49,17,63|63,-1,0|
method: def_initPop
seed: 7515072
Instance: 1
best_fitness: 534.809
current_iteration: 414
last_update_iteration: 131
current_time: 15.0276s
last_update_time: 4.55825s
largest_iteration_offset: 130
stalled_iterations: 283
path_relink_time: 0s
num_path_relink_calls: 0
num_homogenities: 0
num_best_improvements: 0
num_elite_improvements: 0
num_exchanges: 0
num_shakes: 0
num_resets: 0
