Custom stopping criteria not supplied by the user. Using max. time = 15s and max. stall_offset = 0
Using 1 threads for decoding
initialization time: 0.0823868
best warm start solution: 957.772
TSP tour:
0 42 74 22 51 83 1 18 81 60 36 9 59 39 19 79 90 20 24 70 34 88 63 89 7 95 45 43 52 80 72 57 26 16 53 14 55 44 75 41 49 12 31 30 40 65 98 67 8 86 62 93 77 15 91 28 71 54 64 38 58 50 69 47 56 99 66 5 23 11 92 17 76 87 94 4 68 21 29 46 37 84 48 97 73 85 78 6 25 27 13 32 35 61 10 33 82 96 2 3 
Operations:
0,42,74|74,51,83|83,1,18|18,81,60|60,36,9|9,59,39|39,90,20|20,24,70|70,88,63|63,89,95|95,45,43|43,52,80|80,57,26|26,44,41|41,49,12|12,31,30|30,65,98|98,67,8|8,86,62|62,93,15|15,91,71|71,64,58|54,64,50|50,69,47|47,56,99|99,66,5|5,23,11|11,92,4|4,68,21|21,29,46|46,37,48|48,97,73|73,85,78|78,6,27|27,13,32|32,35,61|61,10,0|
method: def_initPop
seed: 2700001
Instance: 1
best_fitness: 779.622
current_iteration: 590
last_update_iteration: 328
current_time: 15.0084s
last_update_time: 8.29147s
largest_iteration_offset: 75
stalled_iterations: 262
path_relink_time: 0s
num_path_relink_calls: 0
num_homogenities: 0
num_best_improvements: 0
num_elite_improvements: 0
num_exchanges: 0
num_shakes: 0
num_resets: 0
