Custom stopping criteria not supplied by the user. Using max. time = 15s and max. stall_offset = 0
Using 1 threads for decoding
initialization time: 0.082342
best warm start solution: 957.772
TSP tour:
0 97 74 42 22 83 18 39 1 9 60 36 81 59 5 79 19 90 24 20 70 34 88 63 89 7 45 95 52 80 72 43 26 16 53 57 14 55 44 75 41 12 49 98 30 40 65 67 93 86 62 8 77 29 15 91 71 28 54 56 38 58 50 47 69 64 66 23 92 99 11 17 76 51 94 87 4 21 68 46 84 85 48 31 73 78 25 6 13 35 10 32 37 61 33 82 96 27 2 3 
Operations:
0,97,22|22,83,18|18,39,9|9,60,36|36,81,59|59,5,79|79,90,24|24,20,70|70,88,63|63,89,7|7,45,95|95,52,80|80,43,26|26,44,12|12,49,98|98,30,40|40,65,67|67,93,62|62,8,77|77,29,15|15,91,71|71,28,54|54,56,47|47,69,64|64,66,23|23,92,99|99,11,76|76,51,94|94,87,4|4,21,68|21,68,46|46,85,48|48,31,25|25,6,13|13,10,32|32,37,82|82,27,0|
method: def_initPop
seed: 8434820
Instance: 1
best_fitness: 801.69
current_iteration: 596
last_update_iteration: 370
current_time: 15.0238s
last_update_time: 9.28748s
largest_iteration_offset: 77
stalled_iterations: 226
path_relink_time: 0s
num_path_relink_calls: 0
num_homogenities: 0
num_best_improvements: 0
num_elite_improvements: 0
num_exchanges: 0
num_shakes: 0
num_resets: 0
