Custom stopping criteria not supplied by the user. Using max. time = 15s and max. stall_offset = 0
Using 1 threads for decoding
initialization time: 0.0614786
best warm start solution: 1011.59
TSP tour:
0 26 40 17 11 35 53 31 67 49 28 9 39 32 74 58 34 20 27 64 36 52 45 60 24 29 47 7 73 70 43 14 2 72 41 55 4 56 54 8 69 19 51 5 6 1 22 61 21 3 57 38 65 63 37 25 62 15 48 30 68 44 50 71 23 18 16 46 66 42 10 12 59 33 13 
Operations:
0,26,40|40,17,11|11,35,53|53,31,49|49,28,9|9,58,34|34,27,64|64,36,45|45,60,24|24,29,47|47,7,70|70,43,14|14,2,72|72,41,55|55,4,56|56,51,1|54,8,19|19,51,21|21,3,57|57,38,65|65,63,62|62,15,48|48,30,68|68,44,50|50,23,16|16,46,66|66,42,10|10,59,33|33,13,0|
method: def_initPop
seed: 7515072
Instance: 1
best_fitness: 928.741
current_iteration: 612
last_update_iteration: 161
current_time: 15.0037s
last_update_time: 3.83915s
largest_iteration_offset: 52
stalled_iterations: 451
path_relink_time: 0s
num_path_relink_calls: 0
num_homogenities: 0
num_best_improvements: 0
num_elite_improvements: 0
num_exchanges: 0
num_shakes: 0
num_resets: 0
