Custom stopping criteria not supplied by the user. Using max. time = 15s and max. stall_offset = 0
Using 1 threads for decoding
initialization time: 0.110435
best warm start solution: 1223.13
TSP tour:
0 42 53 39 64 18 30 25 31 14 21 51 72 56 27 11 70 33 29 20 38 66 40 49 16 5 67 63 65 60 26 37 2 3 12 61 47 6 9 69 68 22 32 34 24 36 52 17 28 7 4 74 57 48 41 59 45 55 15 62 1 8 13 44 50 35 73 19 10 54 43 58 71 23 46 
Operations:
0,42,53|53,39,64|64,18,30|30,25,31|31,29,20|14,21,51|51,29,16|16,5,67|67,63,26|26,2,12|12,61,6|6,9,69|69,22,32|32,34,28|28,7,4|4,74,55|55,15,62|62,8,13|13,19,54|54,43,58|58,23,0|
method: def_initPop
seed: 7515072
Instance: 1
best_fitness: 1072.78
current_iteration: 628
last_update_iteration: 143
current_time: 15.0172s
last_update_time: 3.32773s
largest_iteration_offset: 57
stalled_iterations: 485
path_relink_time: 0s
num_path_relink_calls: 0
num_homogenities: 0
num_best_improvements: 0
num_elite_improvements: 0
num_exchanges: 0
num_shakes: 0
num_resets: 0
