Custom stopping criteria not supplied by the user. Using max. time = 60s and max. stall_offset = 0
Using 1 threads for decoding
initialization time: 0.03094
best warm start solution: 979.002
TSP tour:
0 49 2 45 32 9 48 10 33 1 37 34 43 31 7 42 15 21 36 47 23 13 11 14 26 39 17 35 3 5 16 41 20 46 12 4 6 44 28 22 27 18 19 29 40 8 24 38 25 30 
Operations:
0,2,34|34,43,21|21,23,13|13,11,3|3,46,28|28,29,0|
method: def_initPop
seed: 2700001
Instance: 1
best_fitness: 961.22
current_iteration: 4300
last_update_iteration: 198
current_time: 60.0083s
last_update_time: 2.78142s
largest_iteration_offset: 55
stalled_iterations: 4102
path_relink_time: 0s
num_path_relink_calls: 0
num_homogenities: 0
num_best_improvements: 0
num_elite_improvements: 0
num_exchanges: 0
num_shakes: 0
num_resets: 0
