Custom stopping criteria not supplied by the user. Using max. time = 15s and max. stall_offset = 0
Using 1 threads for decoding
initialization time: 0.0146151
best warm start solution: 612.772
TSP tour:
0 7 2 20 29 12 42 46 31 28 49 32 11 36 23 25 38 41 40 39 5 33 14 13 47 21 43 15 26 19 4 34 45 35 8 24 48 3 10 44 22 16 18 9 17 1 37 27 30 6 
Operations:
0,7,2|2,20,29|29,12,42|42,46,31|31,11,23|28,49,32|32,11,38|38,41,39|39,5,14|14,13,21|21,43,15|15,26,35|35,8,24|24,48,10|10,44,16|16,17,1|1,37,27|27,30,0|
method: def_initPop
seed: 1764168
Instance: 1
best_fitness: 496.15
current_iteration: 1209
last_update_iteration: 323
current_time: 15.0051s
last_update_time: 3.99837s
largest_iteration_offset: 134
stalled_iterations: 886
path_relink_time: 0s
num_path_relink_calls: 0
num_homogenities: 0
num_best_improvements: 0
num_elite_improvements: 0
num_exchanges: 0
num_shakes: 0
num_resets: 0
