Custom stopping criteria not supplied by the user. Using max. time = 30s and max. stall_offset = 0
Using 1 threads for decoding
initialization time: 0.0196987
best warm start solution: 701.132
TSP tour:
0 2 29 20 12 46 42 31 28 7 49 32 36 23 25 38 41 40 11 26 5 39 33 14 47 21 15 43 19 4 34 45 35 24 8 3 10 22 44 48 16 18 17 9 13 1 30 37 27 6 
Operations:
0,46,42|42,41,11|11,26,19|19,44,48|48,17,30|30,27,0|
method: def_initPop
seed: 8434820
Instance: 1
best_fitness: 692.387
current_iteration: 1507
last_update_iteration: 121
current_time: 30.0048s
last_update_time: 2.36725s
largest_iteration_offset: 58
stalled_iterations: 1386
path_relink_time: 0s
num_path_relink_calls: 0
num_homogenities: 0
num_best_improvements: 0
num_elite_improvements: 0
num_exchanges: 0
num_shakes: 0
num_resets: 0
