Custom stopping criteria not supplied by the user. Using max. time = 60s and max. stall_offset = 0
Using 1 threads for decoding
initialization time: 0.0588286
best warm start solution: 816.538
TSP tour:
0 40 15 34 74 66 18 30 9 17 45 72 27 55 20 2 4 43 37 13 32 46 8 51 64 21 28 53 57 11 54 3 1 60 70 5 35 6 12 24 42 7 29 49 48 68 50 56 47 73 67 10 44 38 36 19 16 31 63 33 22 25 61 58 14 65 39 52 23 69 41 62 26 59 71 
Operations:
0,40,15|15,34,66|66,9,17|17,45,72|72,27,55|55,20,2|2,4,43|43,32,46|46,8,51|51,64,21|21,57,54|54,3,60|60,5,35|35,6,12|12,24,29|29,49,48|48,68,50|50,56,67|67,10,38|38,36,19|19,16,31|31,58,14|14,65,39|39,23,69|69,41,62|62,26,59|59,71,0|
method: def_initPop
seed: 1764168
Instance: 1
best_fitness: 711.359
current_iteration: 2708
last_update_iteration: 268
current_time: 60.0138s
last_update_time: 5.89943s
largest_iteration_offset: 109
stalled_iterations: 2440
path_relink_time: 0s
num_path_relink_calls: 0
num_homogenities: 0
num_best_improvements: 0
num_elite_improvements: 0
num_exchanges: 0
num_shakes: 0
num_resets: 0
