Custom stopping criteria not supplied by the user. Using max. time = 60s and max. stall_offset = 0
Using 1 threads for decoding
initialization time: 0.0173434
best warm start solution: 596.02
TSP tour:
0 41 21 19 42 20 31 23 37 11 15 33 32 3 35 6 24 49 22 46 4 44 38 39 16 45 25 9 43 7 1 26 30 18 10 14 48 13 29 2 17 12 36 40 28 5 47 34 8 27 
Operations:
0,41,42|42,31,23|23,37,11|11,15,33|33,3,35|35,6,24|24,49,4|4,44,39|39,16,25|25,43,7|7,26,30|30,18,10|10,14,13|13,29,2|2,12,36|36,5,47|47,8,27|34,8,0|
method: def_initPop
seed: 1764168
Instance: 1
best_fitness: 535.686
current_iteration: 4568
last_update_iteration: 593
current_time: 60.0078s
last_update_time: 7.81888s
largest_iteration_offset: 324
stalled_iterations: 3975
path_relink_time: 0s
num_path_relink_calls: 0
num_homogenities: 0
num_best_improvements: 0
num_elite_improvements: 0
num_exchanges: 0
num_shakes: 0
num_resets: 0
