Custom stopping criteria not supplied by the user. Using max. time = 60s and max. stall_offset = 0
Using 1 threads for decoding
initialization time: 0.0592607
best warm start solution: 1132.01
TSP tour:
0 74 42 73 37 97 94 87 4 21 68 29 46 84 48 85 78 25 31 49 41 75 55 12 98 30 40 65 67 86 8 93 62 77 91 15 28 71 54 38 58 50 69 47 64 56 23 66 5 11 92 99 17 76 81 59 36 60 9 18 22 83 1 39 19 79 20 24 70 90 88 89 44 63 7 14 57 53 16 26 72 80 95 34 45 52 43 6 10 13 35 32 61 27 82 51 96 2 3 33 
Operations:
0,73,4|4,29,85|85,65,67|67,93,91|91,15,28|28,69,47|47,56,5|5,92,39|39,88,89|89,44,45|45,52,35|35,27,82|82,51,0|
method: def_initPop
seed: 297720
Instance: 1
best_fitness: 1110.91
current_iteration: 1580
last_update_iteration: 171
current_time: 60.0365s
last_update_time: 6.22358s
largest_iteration_offset: 73
stalled_iterations: 1409
path_relink_time: 0s
num_path_relink_calls: 0
num_homogenities: 0
num_best_improvements: 0
num_elite_improvements: 0
num_exchanges: 0
num_shakes: 0
num_resets: 0
