Custom stopping criteria not supplied by the user. Using max. time = 15s and max. stall_offset = 0
Using 1 threads for decoding
initialization time: 0.0286405
best warm start solution: 424.611
TSP tour:
0 34 22 14 32 40 25 24 23 12 33 4 15 17 3 10 18 43 39 36 37 5 8 47 28 13 21 7 6 20 19 44 42 1 26 2 16 45 35 48 41 38 9 11 30 46 31 29 49 27 
Operations:
0,34,22|22,14,32|32,40,25|25,24,23|23,12,33|33,4,15|15,17,3|3,10,18|18,39,36|36,37,5|5,8,13|13,21,7|7,6,20|20,19,44|44,42,1|1,26,16|16,45,35|35,48,41|41,38,9|9,30,46|46,31,49|49,27,0|
method: def_initPop
seed: 1764168
Instance: 1
best_fitness: 371.041
current_iteration: 1263
last_update_iteration: 810
current_time: 15.003s
last_update_time: 9.61676s
largest_iteration_offset: 641
stalled_iterations: 453
path_relink_time: 0s
num_path_relink_calls: 0
num_homogenities: 0
num_best_improvements: 0
num_elite_improvements: 0
num_exchanges: 0
num_shakes: 0
num_resets: 0
