Custom stopping criteria not supplied by the user. Using max. time = 15s and max. stall_offset = 0
Using 1 threads for decoding
initialization time: 0.0197827
best warm start solution: 424.611
TSP tour:
0 38 22 14 32 40 25 24 23 12 33 4 15 17 3 10 18 43 39 36 37 5 47 13 28 21 7 8 19 6 20 1 44 2 42 26 45 16 30 35 48 9 41 34 11 31 29 46 49 27 
Operations:
0,38,22|22,14,32|32,40,25|25,24,23|23,12,33|33,4,15|15,17,3|3,10,18|18,39,36|36,37,5|5,47,13|13,28,21|28,21,7|7,8,19|19,6,20|20,1,44|44,2,42|42,26,45|45,30,35|35,48,9|9,41,34|34,11,31|31,46,49|49,27,0|
method: def_initPop
seed: 7515072
Instance: 1
best_fitness: 378.908
current_iteration: 1269
last_update_iteration: 459
current_time: 15.0097s
last_update_time: 5.43722s
largest_iteration_offset: 339
stalled_iterations: 810
path_relink_time: 0s
num_path_relink_calls: 0
num_homogenities: 0
num_best_improvements: 0
num_elite_improvements: 0
num_exchanges: 0
num_shakes: 0
num_resets: 0
