Custom stopping criteria not supplied by the user. Using max. time = 30s and max. stall_offset = 0
Using 1 threads for decoding
initialization time: 0.0286748
best warm start solution: 582.044
TSP tour:
0 19 32 20 35 14 45 49 26 31 7 15 22 12 25 28 8 27 30 38 18 43 47 34 9 46 36 5 23 42 16 39 17 4 37 1 48 44 10 13 3 41 40 24 21 33 11 6 2 29 
Operations:
0,14,49|49,26,27|27,47,34|34,9,37|37,1,13|13,11,0|
method: def_initPop
seed: 8434820
Instance: 1
best_fitness: 565.256
current_iteration: 1464
last_update_iteration: 114
current_time: 30.0093s
last_update_time: 2.26273s
largest_iteration_offset: 75
stalled_iterations: 1350
path_relink_time: 0s
num_path_relink_calls: 0
num_homogenities: 0
num_best_improvements: 0
num_elite_improvements: 0
num_exchanges: 0
num_shakes: 0
num_resets: 0
