Custom stopping criteria not supplied by the user. Using max. time = 60s and max. stall_offset = 0
Using 1 threads for decoding
initialization time: 0.0447178
best warm start solution: 537.241
TSP tour:
0 38 13 43 44 68 21 6 25 8 69 9 56 42 54 67 52 59 28 5 47 32 17 39 73 31 45 7 46 34 65 66 20 23 62 55 64 57 37 22 1 70 27 58 74 71 35 61 11 26 12 72 10 50 36 18 33 49 30 40 19 41 53 14 24 63 16 48 2 4 51 29 60 15 3 
Operations:
0,38,68|68,21,42|42,54,28|28,17,39|39,65,62|62,37,22|22,74,11|11,-1,26|26,12,36|36,18,53|53,63,16|16,-1,48|48,2,29|29,60,0|
method: def_initPop
seed: 1764168
Instance: 1
best_fitness: 537.241
current_iteration: 2186
last_update_iteration: 1
current_time: 60.022s
last_update_time: 0.0199875s
largest_iteration_offset: 1
stalled_iterations: 2185
path_relink_time: 0s
num_path_relink_calls: 0
num_homogenities: 0
num_best_improvements: 0
num_elite_improvements: 0
num_exchanges: 0
num_shakes: 0
num_resets: 0
