Custom stopping criteria not supplied by the user. Using max. time = 120s and max. stall_offset = 0
Using 1 threads for decoding
initialization time: 0.0194612
best warm start solution: 524.83
TSP tour:
0 22 9 16 3 18 2 36 5 42 13 20 25 24 43 44 15 17 1 38 47 7 48 26 19 40 29 41 27 31 23 34 30 39 46 12 6 8 37 33 49 32 45 14 21 4 10 11 28 35 
Operations:
0,22,9|9,16,3|3,18,2|2,36,42|42,13,20|13,20,25|25,24,43|43,15,17|17,1,38|38,47,7|7,48,19|19,40,29|29,41,31|31,34,30|30,39,46|46,12,6|6,8,37|37,33,49|49,32,45|45,14,21|21,4,28|28,35,0|
method: def_initPop
seed: 8434820
Instance: 1
best_fitness: 439.494
current_iteration: 10116
last_update_iteration: 536
current_time: 120s
last_update_time: 6.37436s
largest_iteration_offset: 310
stalled_iterations: 9580
path_relink_time: 0s
num_path_relink_calls: 0
num_homogenities: 0
num_best_improvements: 0
num_elite_improvements: 0
num_exchanges: 0
num_shakes: 0
num_resets: 0
