Custom stopping criteria not supplied by the user. Using max. time = 60s and max. stall_offset = 0
Using 1 threads for decoding
initialization time: 0.0265161
best warm start solution: 477.251
TSP tour:
0 35 23 34 28 22 5 9 25 44 48 2 42 1 40 45 33 26 37 12 32 10 27 39 3 47 17 36 7 38 20 29 8 30 15 31 13 21 46 6 11 24 43 41 49 19 14 16 18 4 
Operations:
0,35,23|23,34,28|28,22,5|5,9,25|25,44,48|48,2,42|42,1,40|40,45,33|33,37,12|12,32,27|27,39,3|3,17,36|36,38,20|20,29,8|8,30,31|31,13,21|21,46,11|11,24,43|43,41,49|49,19,14|14,16,18|18,4,0|
method: def_initPop
seed: 7515072
Instance: 1
best_fitness: 386.83
current_iteration: 5068
last_update_iteration: 750
current_time: 60.0118s
last_update_time: 8.83595s
largest_iteration_offset: 524
stalled_iterations: 4318
path_relink_time: 0s
num_path_relink_calls: 0
num_homogenities: 0
num_best_improvements: 0
num_elite_improvements: 0
num_exchanges: 0
num_shakes: 0
num_resets: 0
