Custom stopping criteria not supplied by the user. Using max. time = 120s and max. stall_offset = 0
Using 1 threads for decoding
initialization time: 0.0225742
best warm start solution: 962.76
TSP tour:
0 34 8 41 24 38 18 40 6 5 43 46 20 16 9 1 15 3 48 47 45 12 49 31 27 13 10 29 14 2 26 35 4 39 22 17 21 7 19 37 28 44 42 11 30 32 25 23 33 36 
Operations:
0,34,41|41,24,38|38,18,40|40,6,1|1,15,48|48,47,49|49,27,14|14,2,26|26,35,4|4,7,19|19,44,42|42,30,23|23,36,0|
method: def_initPop
seed: 297720
Instance: 1
best_fitness: 839.599
current_iteration: 8772
last_update_iteration: 91
current_time: 120.006s
last_update_time: 1.22695s
largest_iteration_offset: 28
stalled_iterations: 8681
path_relink_time: 0s
num_path_relink_calls: 0
num_homogenities: 0
num_best_improvements: 0
num_elite_improvements: 0
num_exchanges: 0
num_shakes: 0
num_resets: 0
