Custom stopping criteria not supplied by the user. Using max. time = 240s and max. stall_offset = 0
Using 1 threads for decoding
initialization time: 0.0250825
best warm start solution: 947.365
TSP tour:
0 11 12 28 10 31 42 39 36 8 34 4 35 15 43 41 23 17 24 30 22 18 2 38 5 16 9 48 49 27 7 33 6 20 3 26 37 13 44 29 25 45 32 1 21 47 14 46 40 19 
Operations:
0,8,4|11,10,31|31,39,36|36,8,15|15,41,23|23,24,2|2,5,49|49,6,20|20,37,44|44,32,1|1,47,0|
method: def_initPop
seed: 7515072
Instance: 1
best_fitness: 902.172
current_iteration: 12145
last_update_iteration: 115
current_time: 240.017s
last_update_time: 2.23259s
largest_iteration_offset: 48
stalled_iterations: 12030
path_relink_time: 0s
num_path_relink_calls: 0
num_homogenities: 0
num_best_improvements: 0
num_elite_improvements: 0
num_exchanges: 0
num_shakes: 0
num_resets: 0
