Custom stopping criteria not supplied by the user. Using max. time = 30s and max. stall_offset = 0
Using 1 threads for decoding
initialization time: 0.0540219
best warm start solution: 1388.94
TSP tour:
0 19 71 64 73 26 27 35 63 37 51 43 50 54 32 9 46 58 72 29 44 66 56 5 62 47 61 74 3 42 7 30 41 2 11 23 24 53 18 6 45 4 17 60 70 10 52 67 31 22 57 1 65 15 69 16 21 49 8 25 36 28 38 39 14 13 40 48 12 55 34 68 59 33 20 
Operations:
0,71,64|64,44,47|47,61,30|30,41,24|24,53,67|67,31,15|15,16,13|13,48,12|12,55,0|
method: def_initPop
seed: 7515072
Instance: 1
best_fitness: 1370.81
current_iteration: 739
last_update_iteration: 182
current_time: 30.0336s
last_update_time: 7.13656s
largest_iteration_offset: 98
stalled_iterations: 557
path_relink_time: 0s
num_path_relink_calls: 0
num_homogenities: 0
num_best_improvements: 0
num_elite_improvements: 0
num_exchanges: 0
num_shakes: 0
num_resets: 0
