Custom stopping criteria not supplied by the user. Using max. time = 30s and max. stall_offset = 0
Using 1 threads for decoding
initialization time: 0.0459435
best warm start solution: 750.161
TSP tour:
0 18 73 44 15 31 62 33 55 37 30 64 20 66 5 56 60 53 54 3 41 11 12 63 23 69 47 72 10 46 70 58 2 48 6 17 34 57 16 49 38 9 59 7 40 61 51 4 43 13 45 14 52 19 35 36 27 50 22 21 28 29 71 67 68 65 32 26 24 25 1 39 74 42 8 
Operations:
0,18,73|73,44,31|31,62,33|33,55,37|37,30,64|64,66,5|5,3,23|23,69,47|47,72,10|10,46,70|70,58,2|2,48,6|6,49,38|38,7,40|40,61,51|51,13,45|45,19,35|35,36,50|50,22,21|21,28,29|29,71,67|67,68,65|65,32,26|26,24,42|42,8,0|
method: def_initPop
seed: 8434820
Instance: 1
best_fitness: 570.511
current_iteration: 1462
last_update_iteration: 219
current_time: 30.0168s
last_update_time: 4.39485s
largest_iteration_offset: 28
stalled_iterations: 1243
path_relink_time: 0s
num_path_relink_calls: 0
num_homogenities: 0
num_best_improvements: 0
num_elite_improvements: 0
num_exchanges: 0
num_shakes: 0
num_resets: 0
