Custom stopping criteria not supplied by the user. Using max. time = 60s and max. stall_offset = 0
Using 1 threads for decoding
initialization time: 0.00811703
best warm start solution: 592.782
TSP tour:
0 11 8 31 24 32 44 38 20 25 9 4 35 26 34 45 39 3 15 49 19 29 41 12 40 43 18 14 13 48 17 33 42 22 1 36 5 16 30 6 2 10 23 47 28 46 7 21 37 27 
Operations:
0,8,31|31,32,38|38,25,9|9,34,39|39,3,15|15,49,29|29,41,12|12,40,43|43,18,14|14,13,17|17,33,42|42,1,36|36,5,16|16,30,23|23,47,21|21,27,0|
method: def_initPop
seed: 297720
Instance: 1
best_fitness: 449.633
current_iteration: 7344
last_update_iteration: 143
current_time: 60.0002s
last_update_time: 1.17394s
largest_iteration_offset: 16
stalled_iterations: 7201
path_relink_time: 0s
num_path_relink_calls: 0
num_homogenities: 0
num_best_improvements: 0
num_elite_improvements: 0
num_exchanges: 0
num_shakes: 0
num_resets: 0
