Custom stopping criteria not supplied by the user. Using max. time = 15s and max. stall_offset = 0
Using 1 threads for decoding
initialization time: 0.0386436
best warm start solution: 1111.68
TSP tour:
0 72 7 23 57 46 22 5 27 56 19 47 10 35 3 18 37 44 43 58 40 6 69 25 30 38 63 68 62 4 51 66 52 42 36 17 74 32 71 13 39 65 24 11 48 34 61 2 16 67 49 73 29 50 45 21 26 15 70 14 33 8 59 55 31 28 1 12 9 53 60 64 54 41 20 
Operations:
0,72,7|7,57,46|46,56,19|19,47,10|10,35,3|3,43,40|40,6,69|69,25,68|68,62,51|51,66,52|52,42,36|36,74,32|32,13,65|65,11,48|48,16,67|67,29,50|50,45,26|26,15,70|70,14,59|59,31,28|28,1,12|12,53,60|60,54,41|41,20,0|
method: def_initPop
seed: 2700001
Instance: 1
best_fitness: 852.351
current_iteration: 703
last_update_iteration: 185
current_time: 15.0196s
last_update_time: 3.88745s
largest_iteration_offset: 26
stalled_iterations: 518
path_relink_time: 0s
num_path_relink_calls: 0
num_homogenities: 0
num_best_improvements: 0
num_elite_improvements: 0
num_exchanges: 0
num_shakes: 0
num_resets: 0
