Custom stopping criteria not supplied by the user. Using max. time = 15s and max. stall_offset = 0
Using 1 threads for decoding
initialization time: 0.038706
best warm start solution: 1111.68
TSP tour:
0 41 7 72 23 22 46 56 5 27 19 47 10 35 3 18 43 37 44 58 40 6 69 30 38 25 63 68 62 66 4 51 13 52 36 17 74 32 71 42 39 65 24 11 48 34 61 49 2 67 53 73 50 29 21 16 26 45 15 14 33 57 59 8 55 28 12 1 31 64 60 70 9 54 20 
Operations:
0,41,7|7,72,23|23,22,46|46,56,19|19,47,10|10,35,3|3,43,40|40,6,69|69,25,68|68,62,51|51,13,17|17,74,71|71,42,65|65,11,48|48,34,61|61,49,2|2,53,73|73,50,29|50,29,21|21,16,26|26,45,15|15,14,33|33,57,28|28,70,9|9,54,0|
method: def_initPop
seed: 7515072
Instance: 1
best_fitness: 876.613
current_iteration: 706
last_update_iteration: 242
current_time: 15.0006s
last_update_time: 5.05883s
largest_iteration_offset: 51
stalled_iterations: 464
path_relink_time: 0s
num_path_relink_calls: 0
num_homogenities: 0
num_best_improvements: 0
num_elite_improvements: 0
num_exchanges: 0
num_shakes: 0
num_resets: 0
