Custom stopping criteria not supplied by the user. Using max. time = 30s and max. stall_offset = 0
Using 1 threads for decoding
initialization time: 0.0383173
best warm start solution: 551.835
TSP tour:
0 55 49 19 33 11 38 51 52 41 45 34 50 58 74 22 46 31 63 40 7 9 42 39 17 13 60 3 15 26 36 54 65 6 30 72 8 12 20 43 64 69 61 1 5 68 14 25 27 24 4 71 2 59 70 56 66 21 23 67 62 32 35 57 29 28 18 37 44 16 47 73 53 48 10 
Operations:
0,55,49|49,19,33|33,38,51|51,52,41|41,34,50|50,58,74|74,46,9|9,42,39|39,17,13|13,60,3|3,26,36|36,54,65|65,6,30|30,8,12|72,8,20|20,43,69|69,61,5|5,14,25|25,27,4|4,71,2|2,59,70|70,56,66|66,21,67|67,62,32|32,35,29|29,28,37|37,44,16|16,47,73|73,53,48|48,10,0|
method: def_initPop
seed: 8434820
Instance: 1
best_fitness: 509.464
current_iteration: 1407
last_update_iteration: 425
current_time: 30.0126s
last_update_time: 9.01712s
largest_iteration_offset: 95
stalled_iterations: 982
path_relink_time: 0s
num_path_relink_calls: 0
num_homogenities: 0
num_best_improvements: 0
num_elite_improvements: 0
num_exchanges: 0
num_shakes: 0
num_resets: 0
