Custom stopping criteria not supplied by the user. Using max. time = 30s and max. stall_offset = 0
Using 1 threads for decoding
initialization time: 0.0486371
best warm start solution: 771.23
TSP tour:
0 10 3 49 5 21 35 36 1 28 17 8 27 23 13 39 41 47 25 43 2 19 7 11 24 18 46 33 44 6 9 34 42 38 32 15 45 22 31 16 26 29 14 30 48 12 20 37 40 4 
Operations:
0,10,3|3,35,36|36,1,28|28,17,8|8,27,23|23,13,25|25,43,2|2,19,7|7,11,24|24,18,46|46,33,44|44,6,9|9,34,42|42,38,32|32,45,22|22,31,16|16,26,29|29,14,30|30,48,12|12,37,40|40,4,0|
method: def_initPop
seed: 2700001
Instance: 1
best_fitness: 687.52
current_iteration: 2408
last_update_iteration: 145
current_time: 30.002s
last_update_time: 1.80449s
largest_iteration_offset: 32
stalled_iterations: 2263
path_relink_time: 0s
num_path_relink_calls: 0
num_homogenities: 0
num_best_improvements: 0
num_elite_improvements: 0
num_exchanges: 0
num_shakes: 0
num_resets: 0
