Custom stopping criteria not supplied by the user. Using max. time = 30s and max. stall_offset = 0
Using 1 threads for decoding
initialization time: 0.0403002
best warm start solution: 771.23
TSP tour:
0 4 3 40 27 49 21 5 36 35 1 28 17 8 23 13 39 20 41 47 48 25 19 2 43 24 18 46 33 44 7 9 34 42 38 6 31 32 11 15 22 45 16 26 29 14 30 37 12 10 
Operations:
0,4,3|3,40,27|40,27,49|49,21,5|5,35,1|1,28,17|17,13,39|39,20,47|47,48,25|25,19,2|2,43,24|24,18,46|46,33,44|44,7,9|9,34,42|42,31,32|32,11,22|22,45,16|16,26,29|29,14,30|30,37,12|12,10,0|
method: def_initPop
seed: 7515072
Instance: 1
best_fitness: 697.551
current_iteration: 2399
last_update_iteration: 150
current_time: 30.0059s
last_update_time: 1.87218s
largest_iteration_offset: 45
stalled_iterations: 2249
path_relink_time: 0s
num_path_relink_calls: 0
num_homogenities: 0
num_best_improvements: 0
num_elite_improvements: 0
num_exchanges: 0
num_shakes: 0
num_resets: 0
