Custom stopping criteria not supplied by the user. Using max. time = 30s and max. stall_offset = 0
Using 1 threads for decoding
initialization time: 0.0331965
best warm start solution: 451.691
TSP tour:
0 25 26 41 21 46 34 1 3 37 11 10 20 19 29 4 35 49 22 8 27 32 38 39 30 12 31 13 44 9 6 40 43 33 28 47 15 18 24 7 17 48 36 14 5 42 16 2 23 45 
Operations:
0,25,26|26,41,34|34,1,3|3,37,11|11,10,20|20,19,29|29,35,49|49,22,8|8,27,32|32,39,30|30,13,44|44,9,43|43,33,28|28,47,15|15,18,24|24,7,17|7,17,48|48,36,14|14,5,42|42,16,2|2,23,0|
method: def_initPop
seed: 8434820
Instance: 1
best_fitness: 361.738
current_iteration: 2555
last_update_iteration: 198
current_time: 30.0056s
last_update_time: 2.33084s
largest_iteration_offset: 25
stalled_iterations: 2357
path_relink_time: 0s
num_path_relink_calls: 0
num_homogenities: 0
num_best_improvements: 0
num_elite_improvements: 0
num_exchanges: 0
num_shakes: 0
num_resets: 0
