Custom stopping criteria not supplied by the user. Using max. time = 60s and max. stall_offset = 0
Using 1 threads for decoding
initialization time: 0.0228085
best warm start solution: 470.537
TSP tour:
0 28 7 37 31 26 24 4 32 25 1 46 15 18 45 33 2 20 48 42 35 36 3 16 43 22 41 39 21 9 34 30 14 49 23 8 19 5 17 47 10 29 40 27 13 44 12 11 38 6 
Operations:
0,7,37|37,31,26|26,24,32|32,25,1|1,46,15|15,45,33|33,2,48|48,42,35|42,35,36|36,3,43|43,22,41|41,34,14|14,49,23|23,8,17|17,47,10|10,29,40|40,13,12|12,11,0|
method: def_initPop
seed: 297720
Instance: 1
best_fitness: 428.961
current_iteration: 4585
last_update_iteration: 108
current_time: 60.0056s
last_update_time: 1.41879s
largest_iteration_offset: 39
stalled_iterations: 4477
path_relink_time: 0s
num_path_relink_calls: 0
num_homogenities: 0
num_best_improvements: 0
num_elite_improvements: 0
num_exchanges: 0
num_shakes: 0
num_resets: 0
