Custom stopping criteria not supplied by the user. Using max. time = 15s and max. stall_offset = 0
Using 1 threads for decoding
initialization time: 0.0384234
best warm start solution: 825.184
TSP tour:
0 25 10 45 48 33 9 1 32 37 34 43 31 2 7 21 42 15 36 47 11 13 14 17 26 39 35 3 23 5 20 16 41 12 46 28 44 4 6 22 40 27 19 18 8 24 29 38 49 30 
Operations:
0,45,1|1,32,34|34,43,31|31,2,7|7,21,15|15,36,47|47,11,13|13,17,26|26,35,3|3,23,5|5,20,16|16,41,12|12,46,44|44,4,6|6,40,27|27,19,18|18,8,24|24,29,38|38,49,0|
method: def_initPop
seed: 2700001
Instance: 1
best_fitness: 671.272
current_iteration: 1180
last_update_iteration: 158
current_time: 15.0003s
last_update_time: 1.98761s
largest_iteration_offset: 16
stalled_iterations: 1022
path_relink_time: 0s
num_path_relink_calls: 0
num_homogenities: 0
num_best_improvements: 0
num_elite_improvements: 0
num_exchanges: 0
num_shakes: 0
num_resets: 0
