Custom stopping criteria not supplied by the user. Using max. time = 15s and max. stall_offset = 0
Using 1 threads for decoding
initialization time: 0.0396353
best warm start solution: 825.184
TSP tour:
0 10 48 33 9 45 37 1 32 34 43 31 2 7 42 21 15 36 47 11 13 17 14 26 35 39 3 23 5 20 16 41 12 46 4 28 6 44 22 40 27 19 18 8 24 29 38 49 30 25 
Operations:
0,45,1|1,32,34|34,43,31|31,2,7|7,21,15|15,36,47|47,11,13|13,17,26|26,35,3|3,23,5|5,20,16|16,41,12|12,46,4|4,28,6|6,40,27|27,19,18|18,8,24|24,29,38|38,49,30|30,25,0|
method: def_initPop
seed: 8434820
Instance: 1
best_fitness: 671.4
current_iteration: 1189
last_update_iteration: 220
current_time: 15.0002s
last_update_time: 2.77097s
largest_iteration_offset: 33
stalled_iterations: 969
path_relink_time: 0s
num_path_relink_calls: 0
num_homogenities: 0
num_best_improvements: 0
num_elite_improvements: 0
num_exchanges: 0
num_shakes: 0
num_resets: 0
