Custom stopping criteria not supplied by the user. Using max. time = 60s and max. stall_offset = 0
Using 1 threads for decoding
initialization time: 0.592746
best warm start solution: 810.676
TSP tour:
0 67 30 51 12 32 60 11 63 49 41 15 54 43 34 37 3 52 25 36 10 35 33 61 72 55 8 5 22 7 46 68 66 53 50 57 23 6 74 64 28 13 2 19 56 42 14 20 45 44 1 39 16 71 31 24 40 59 70 4 62 38 58 9 48 18 26 27 65 47 69 29 73 17 21 
Operations:
0,67,51|51,12,32|32,60,11|11,63,41|41,54,43|43,3,52|52,25,36|36,10,35|35,33,61|61,72,55|55,8,66|66,53,50|50,57,23|23,6,74|74,64,28|28,13,19|19,56,42|42,14,20|20,44,71|71,59,62|62,38,58|58,9,48|48,18,26|26,73,17|17,21,0|
method: def_initPop
seed: 1764168
Instance: 1
best_fitness: 612.099
current_iteration: 4296
last_update_iteration: 351
current_time: 60.0077s
last_update_time: 4.98814s
largest_iteration_offset: 51
stalled_iterations: 3945
path_relink_time: 0s
num_path_relink_calls: 0
num_homogenities: 0
num_best_improvements: 0
num_elite_improvements: 0
num_exchanges: 0
num_shakes: 0
num_resets: 0
