Custom stopping criteria not supplied by the user. Using max. time = 15s and max. stall_offset = 0
Using 1 threads for decoding
initialization time: 0.175532
best warm start solution: 705.487
TSP tour:
0 62 23 60 63 8 16 3 44 19 4 70 29 9 69 24 1 41 28 67 64 18 49 38 50 46 73 31 43 55 65 61 51 10 47 54 37 27 5 40 14 52 21 53 45 34 68 22 30 58 39 7 26 56 25 42 36 17 11 59 2 6 20 74 33 35 15 57 48 72 12 71 13 66 32 
Operations:
0,62,23|23,60,63|63,8,16|16,3,44|3,44,19|19,70,29|29,9,69|69,24,1|1,28,67|67,64,38|38,73,31|31,43,55|55,61,51|51,10,54|54,37,5|5,40,52|52,21,53|53,45,34|34,68,22|22,30,58|58,7,26|26,56,25|25,36,17|17,11,59|59,2,6|6,20,74|74,33,35|35,15,57|57,48,72|72,12,71|71,13,66|66,32,0|
method: def_initPop
seed: 8434820
Instance: 1
best_fitness: 564.717
current_iteration: 779
last_update_iteration: 422
current_time: 15.0082s
last_update_time: 8.11674s
largest_iteration_offset: 87
stalled_iterations: 357
path_relink_time: 0s
num_path_relink_calls: 0
num_homogenities: 0
num_best_improvements: 0
num_elite_improvements: 0
num_exchanges: 0
num_shakes: 0
num_resets: 0
