Custom stopping criteria not supplied by the user. Using max. time = 240s and max. stall_offset = 0
Using 1 threads for decoding
initialization time: 0.231658
best warm start solution: 1313.28
TSP tour:
0 74 37 51 43 72 11 15 21 68 7 62 38 18 42 29 60 8 40 31 27 39 58 17 65 59 34 49 3 2 4 9 67 22 48 19 35 12 24 52 50 5 16 23 30 6 13 45 44 25 61 57 33 63 28 71 64 66 69 73 26 70 53 20 32 54 41 1 14 47 46 55 10 56 36 
Operations:
0,37,51|51,43,72|72,15,62|62,60,8|8,40,31|31,27,39|39,17,65|65,59,34|34,3,2|2,4,9|9,67,22|22,48,19|19,35,24|24,52,50|50,30,6|6,13,44|44,25,57|57,33,63|63,71,66|66,69,53|53,20,32|32,54,41|41,1,14|14,47,46|46,55,10|10,56,36|36,-1,0|
method: def_initPop
seed: 8434820
Instance: 1
best_fitness: 1032.66
current_iteration: 11654
last_update_iteration: 489
current_time: 240.015s
last_update_time: 9.92418s
largest_iteration_offset: 125
stalled_iterations: 11165
path_relink_time: 0s
num_path_relink_calls: 0
num_homogenities: 0
num_best_improvements: 0
num_elite_improvements: 0
num_exchanges: 0
num_shakes: 0
num_resets: 0
