Custom stopping criteria not supplied by the user. Using max. time = 15s and max. stall_offset = 0
Using 1 threads for decoding
initialization time: 0.145088
best warm start solution: 826.535
TSP tour:
0 80 28 95 74 42 98 19 99 8 89 64 85 33 69 48 93 10 7 23 31 2 22 21 13 77 50 67 14 65 9 82 96 32 1 53 45 17 51 43 66 15 12 78 60 84 26 46 57 27 37 97 11 55 25 86 47 40 39 70 49 36 91 41 87 90 38 73 88 29 54 59 81 72 68 30 44 83 71 58 24 76 79 6 18 56 20 34 75 3 16 63 94 35 5 4 62 52 92 61 
Operations:
0,80,28|28,95,74|74,42,98|98,19,99|99,8,89|89,64,85|85,33,69|69,93,10|10,7,23|23,2,22|22,13,77|77,50,67|67,9,32|32,1,53|53,45,17|17,51,43|43,66,15|15,12,78|78,60,84|84,26,46|46,57,37|37,97,55|55,86,47|47,40,70|70,49,36|36,91,90|90,73,88|88,81,68|68,30,44|44,24,76|76,6,18|18,20,34|34,75,3|3,16,35|35,5,52|52,92,0|
method: def_initPop
seed: 1764168
Instance: 1
best_fitness: 658.146
current_iteration: 600
last_update_iteration: 314
current_time: 15.0092s
last_update_time: 7.78322s
largest_iteration_offset: 82
stalled_iterations: 286
path_relink_time: 0s
num_path_relink_calls: 0
num_homogenities: 0
num_best_improvements: 0
num_elite_improvements: 0
num_exchanges: 0
num_shakes: 0
num_resets: 0
