Custom stopping criteria not supplied by the user. Using max. time = 60s and max. stall_offset = 0
Using 1 threads for decoding
initialization time: 0.0182463
best warm start solution: 717.92
TSP tour:
0 12 21 19 42 20 31 37 22 23 11 15 33 32 35 6 24 49 46 4 38 39 45 9 44 25 43 18 30 1 7 26 3 29 14 10 48 16 13 2 17 36 40 28 34 47 8 5 41 27 
Operations:
0,12,20|20,22,15|15,49,46|46,44,7|7,16,34|34,41,0|
method: def_initPop
seed: 7515072
Instance: 1
best_fitness: 690.915
current_iteration: 3024
last_update_iteration: 157
current_time: 60.0033s
last_update_time: 3.01305s
largest_iteration_offset: 60
stalled_iterations: 2867
path_relink_time: 0s
num_path_relink_calls: 0
num_homogenities: 0
num_best_improvements: 0
num_elite_improvements: 0
num_exchanges: 0
num_shakes: 0
num_resets: 0
