Custom stopping criteria not supplied by the user. Using max. time = 30s and max. stall_offset = 0
Using 1 threads for decoding
initialization time: 0.0299037
best warm start solution: 581.663
TSP tour:
0 18 22 9 16 3 36 2 5 42 20 13 25 24 43 15 44 17 1 38 47 7 26 48 40 19 29 4 27 31 34 41 30 23 39 46 6 8 12 37 49 45 33 32 21 14 10 11 35 28 
Operations:
0,22,9|9,16,3|3,36,2|2,5,42|42,20,25|25,24,43|43,15,44|44,1,38|38,47,7|7,48,40|40,19,29|29,4,27|27,34,30|30,39,6|6,8,37|37,33,21|21,14,10|10,11,35|35,28,0|
method: def_initPop
seed: 2700001
Instance: 1
best_fitness: 484.314
current_iteration: 2289
last_update_iteration: 214
current_time: 30.0069s
last_update_time: 2.80342s
largest_iteration_offset: 100
stalled_iterations: 2075
path_relink_time: 0s
num_path_relink_calls: 0
num_homogenities: 0
num_best_improvements: 0
num_elite_improvements: 0
num_exchanges: 0
num_shakes: 0
num_resets: 0
