Custom stopping criteria not supplied by the user. Using max. time = 15s and max. stall_offset = 0
Using 1 threads for decoding
initialization time: 0.0543622
best warm start solution: 872.759
TSP tour:
0 40 83 8 79 18 69 76 53 6 4 55 19 63 77 60 33 99 72 70 93 37 16 23 91 30 36 10 45 11 35 49 27 58 51 14 95 73 68 87 31 5 75 26 7 38 85 2 59 9 61 20 67 89 66 86 80 42 78 13 82 64 96 39 41 22 62 47 43 46 15 17 50 34 3 90 54 65 56 44 32 92 29 94 28 84 57 25 74 48 97 71 21 81 1 52 98 88 12 24 
Operations:
0,40,83|83,8,79|79,18,69|69,76,53|53,6,4|4,55,19|19,33,99|99,72,70|70,93,37|37,16,91|91,30,36|36,10,45|45,11,35|35,49,27|27,58,14|14,95,73|73,68,31|31,5,75|75,26,7|7,38,85|38,85,2|2,59,9|9,20,67|67,66,86|86,80,42|42,78,82|82,96,39|39,41,22|22,62,43|43,15,17|17,34,3|3,44,32|32,92,29|29,94,28|28,57,25|25,74,48|48,21,81|81,1,52|52,98,88|88,12,0|
method: def_initPop
seed: 297720
Instance: 1
best_fitness: 800.804
current_iteration: 531
last_update_iteration: 328
current_time: 15.0185s
last_update_time: 9.21994s
largest_iteration_offset: 89
stalled_iterations: 203
path_relink_time: 0s
num_path_relink_calls: 0
num_homogenities: 0
num_best_improvements: 0
num_elite_improvements: 0
num_exchanges: 0
num_shakes: 0
num_resets: 0
