Custom stopping criteria not supplied by the user. Using max. time = 15s and max. stall_offset = 0
Using 1 threads for decoding
initialization time: 0.028802
best warm start solution: 658.297
TSP tour:
0 24 7 10 27 49 36 9 12 39 37 35 32 6 48 14 18 38 31 43 45 21 17 29 44 4 23 26 13 46 30 5 8 42 2 22 20 3 33 47 1 11 15 16 40 28 25 34 19 41 
Operations:
0,24,27|27,49,9|9,12,35|35,6,14|14,38,31|31,45,21|21,29,44|44,4,23|23,26,13|13,46,30|30,5,8|8,42,22|22,20,3|3,33,47|47,11,15|15,16,40|40,28,25|25,34,19|19,41,0|
method: def_initPop
seed: 297720
Instance: 1
best_fitness: 513.582
current_iteration: 1250
last_update_iteration: 240
current_time: 15.0054s
last_update_time: 2.89478s
largest_iteration_offset: 92
stalled_iterations: 1010
path_relink_time: 0s
num_path_relink_calls: 0
num_homogenities: 0
num_best_improvements: 0
num_elite_improvements: 0
num_exchanges: 0
num_shakes: 0
num_resets: 0
