Custom stopping criteria not supplied by the user. Using max. time = 15s and max. stall_offset = 0
Using 1 threads for decoding
initialization time: 0.070235
best warm start solution: 557.359
TSP tour:
0 44 54 82 46 11 32 94 52 8 60 50 70 43 41 47 53 5 90 85 72 17 75 2 35 19 91 61 81 27 33 48 6 71 28 84 83 57 22 40 36 64 68 24 12 97 76 38 55 42 63 59 26 87 73 10 92 9 21 99 1 77 14 93 18 30 4 29 58 39 31 66 80 15 67 69 89 37 56 16 7 74 34 88 65 3 62 98 20 23 86 51 96 49 45 79 25 13 95 78 
Operations:
0,44,46|46,52,8|8,50,43|43,41,47|47,53,5|5,90,85|85,17,75|75,2,35|35,19,91|19,91,61|61,81,6|6,84,57|57,22,40|40,36,64|64,68,24|24,12,97|97,76,38|38,55,59|59,87,73|73,92,9|9,21,99|99,1,14|14,18,30|30,29,58|58,31,66|66,15,67|67,89,37|37,56,16|16,7,34|34,88,3|3,62,98|98,20,86|86,51,96|96,49,45|45,79,13|13,95,0|
method: def_initPop
seed: 2700001
Instance: 1
best_fitness: 522.831
current_iteration: 532
last_update_iteration: 303
current_time: 15.0136s
last_update_time: 8.44611s
largest_iteration_offset: 84
stalled_iterations: 229
path_relink_time: 0s
num_path_relink_calls: 0
num_homogenities: 0
num_best_improvements: 0
num_elite_improvements: 0
num_exchanges: 0
num_shakes: 0
num_resets: 0
