Custom stopping criteria not supplied by the user. Using max. time = 15s and max. stall_offset = 0
Using 1 threads for decoding
initialization time: 0.0709228
best warm start solution: 557.359
TSP tour:
0 54 82 46 95 11 44 32 94 8 60 53 52 50 41 70 43 47 5 90 85 17 75 2 72 35 91 19 61 81 27 33 48 6 71 28 83 22 57 40 36 84 64 24 68 12 76 97 42 38 87 55 26 59 63 73 10 21 9 92 77 99 14 93 30 1 18 31 29 4 39 66 80 15 67 69 89 37 56 16 7 74 34 65 88 3 62 98 20 23 86 51 96 45 49 58 25 13 79 78 
Operations:
0,54,82|54,95,11|11,44,60|60,53,43|43,47,5|5,90,85|85,17,75|75,2,35|35,91,61|61,81,6|6,28,83|83,22,40|40,84,24|24,68,12|12,76,97|97,42,38|38,55,73|73,21,9|9,92,77|77,99,93|93,1,31|31,29,4|4,39,66|66,15,67|67,89,37|37,56,16|16,7,34|34,88,3|3,62,98|98,20,86|86,51,96|96,58,13|13,79,0|
method: def_initPop
seed: 8434820
Instance: 1
best_fitness: 532.415
current_iteration: 533
last_update_iteration: 294
current_time: 15.0179s
last_update_time: 8.19583s
largest_iteration_offset: 117
stalled_iterations: 239
path_relink_time: 0s
num_path_relink_calls: 0
num_homogenities: 0
num_best_improvements: 0
num_elite_improvements: 0
num_exchanges: 0
num_shakes: 0
num_resets: 0
