Custom stopping criteria not supplied by the user. Using max. time = 15s and max. stall_offset = 0
Using 1 threads for decoding
initialization time: 0.0277104
best warm start solution: 967.318
TSP tour:
0 50 69 3 31 65 68 12 56 64 41 39 40 59 48 5 15 46 9 74 8 19 61 49 47 2 26 7 23 67 36 18 34 33 43 4 66 13 72 53 38 52 51 20 35 6 16 17 37 58 73 22 1 32 62 30 55 45 21 44 57 24 71 29 42 28 60 14 27 11 54 70 10 63 25 
Operations:
0,31,65|65,39,40|40,48,8|8,2,23|23,33,13|13,38,70|70,63,0|
method: def_initPop
seed: 8434820
Instance: 1
best_fitness: 950.633
current_iteration: 368
last_update_iteration: 216
current_time: 15.0084s
last_update_time: 8.53623s
largest_iteration_offset: 101
stalled_iterations: 152
path_relink_time: 0s
num_path_relink_calls: 0
num_homogenities: 0
num_best_improvements: 0
num_elite_improvements: 0
num_exchanges: 0
num_shakes: 0
num_resets: 0
