Custom stopping criteria not supplied by the user. Using max. time = 15s and max. stall_offset = 0
Using 1 threads for decoding
initialization time: 0.189726
best warm start solution: 851.961
TSP tour:
0 6 58 37 47 43 18 23 4 63 28 13 19 30 61 10 57 56 15 42 25 21 33 51 9 17 55 8 5 46 7 44 32 69 64 50 52 71 16 31 3 73 65 54 70 24 67 14 22 1 62 27 45 39 11 48 35 12 38 72 53 59 60 29 2 20 34 49 26 36 41 40 74 66 68 
Operations:
0,6,58|58,18,63|63,28,13|13,19,30|19,30,61|61,10,57|57,15,42|42,25,21|21,51,9|9,17,55|55,8,5|5,7,44|44,69,50|50,52,31|31,3,73|73,65,54|54,67,14|14,22,1|1,62,27|27,39,11|11,48,12|12,38,72|72,59,29|29,34,36|36,41,40|40,74,66|66,68,0|
method: def_initPop
seed: 2700001
Instance: 1
best_fitness: 724.725
current_iteration: 685
last_update_iteration: 177
current_time: 15.0083s
last_update_time: 3.80146s
largest_iteration_offset: 59
stalled_iterations: 508
path_relink_time: 0s
num_path_relink_calls: 0
num_homogenities: 0
num_best_improvements: 0
num_elite_improvements: 0
num_exchanges: 0
num_shakes: 0
num_resets: 0
