Custom stopping criteria not supplied by the user. Using max. time = 15s and max. stall_offset = 0
Using 1 threads for decoding
initialization time: 0.0349767
best warm start solution: 564.441
TSP tour:
0 36 55 37 72 89 33 47 19 44 43 62 94 7 59 60 3 99 79 12 32 26 5 54 40 16 39 2 22 73 71 56 11 10 14 13 65 85 50 1 97 84 34 90 80 93 29 53 21 78 88 31 25 98 77 27 70 28 45 69 82 61 23 96 95 46 49 58 6 91 86 18 17 24 92 20 67 41 74 66 57 52 64 75 35 87 51 38 76 8 81 9 42 30 48 15 83 63 68 4 
Operations:
0,36,55|55,37,33|33,47,19|47,19,44|44,43,62|43,62,94|94,7,59|59,60,99|99,79,12|12,32,5|5,54,40|40,16,39|39,22,56|56,11,10|10,14,13|14,13,65|65,85,50|50,1,97|97,84,34|34,90,29|29,53,21|21,78,88|88,31,25|31,25,98|98,77,27|27,70,28|28,45,69|45,69,82|82,61,23|23,96,95|96,95,46|46,58,6|6,91,18|18,17,24|17,24,92|92,20,67|67,41,74|74,52,64|64,75,35|35,51,38|38,76,8|8,81,42|42,30,48|30,48,15|15,83,68|68,4,0|
method: def_initPop
seed: 1764168
Instance: 1
best_fitness: 542.434
current_iteration: 545
last_update_iteration: 254
current_time: 15.0058s
last_update_time: 6.92428s
largest_iteration_offset: 113
stalled_iterations: 291
path_relink_time: 0s
num_path_relink_calls: 0
num_homogenities: 0
num_best_improvements: 0
num_elite_improvements: 0
num_exchanges: 0
num_shakes: 0
num_resets: 0
