Custom stopping criteria not supplied by the user. Using max. time = 15s and max. stall_offset = 0
Using 1 threads for decoding
initialization time: 0.0308299
best warm start solution: 564.441
TSP tour:
0 55 89 36 72 47 33 19 25 31 88 21 78 44 62 43 94 37 7 60 59 99 3 12 79 26 5 54 40 16 22 39 2 32 71 73 56 11 10 85 14 65 13 50 1 97 84 34 80 90 93 29 95 53 46 96 23 61 41 67 20 49 6 91 58 86 17 18 24 92 82 74 57 66 64 52 69 75 51 35 87 70 28 45 27 77 98 38 76 8 81 9 42 30 48 15 83 63 68 4 
Operations:
0,89,72|72,47,33|33,19,25|25,31,88|88,21,44|44,62,94|94,37,60|60,59,99|99,3,12|12,79,5|5,54,40|40,16,22|22,32,71|71,73,56|56,11,10|10,85,65|65,13,50|50,1,97|97,84,34|34,90,29|29,53,23|23,61,41|41,67,20|20,49,6|6,91,58|58,86,17|17,82,74|18,24,92|92,82,57|57,66,64|64,69,75|75,51,35|35,87,70|70,28,45|28,45,27|27,98,38|38,76,8|8,81,42|42,30,48|30,48,15|15,83,68|68,4,0|
method: def_initPop
seed: 2700001
Instance: 1
best_fitness: 526.299
current_iteration: 547
last_update_iteration: 324
current_time: 15.0041s
last_update_time: 8.82215s
largest_iteration_offset: 86
stalled_iterations: 223
path_relink_time: 0s
num_path_relink_calls: 0
num_homogenities: 0
num_best_improvements: 0
num_elite_improvements: 0
num_exchanges: 0
num_shakes: 0
num_resets: 0
