Custom stopping criteria not supplied by the user. Using max. time = 60s and max. stall_offset = 0
Using 1 threads for decoding
initialization time: 0.0381984
best warm start solution: 950.46
TSP tour:
0 7 51 68 11 50 37 33 25 61 47 17 13 71 48 16 63 22 27 8 74 70 28 54 26 58 34 29 46 12 60 53 52 32 10 19 20 65 43 36 21 5 4 69 55 66 23 40 45 41 57 38 15 30 44 39 67 56 24 62 3 42 72 14 59 18 73 6 64 31 49 9 1 35 2 
Operations:
0,7,68|68,11,50|50,25,48|48,63,22|22,27,8|8,74,70|70,28,54|54,26,58|58,34,46|46,60,52|52,32,19|19,20,65|65,43,36|36,21,5|21,5,4|4,69,55|55,66,23|23,41,38|38,15,67|67,62,3|3,42,72|72,14,59|59,73,6|6,64,31|31,49,9|9,1,35|35,2,0|
method: def_initPop
seed: 2700001
Instance: 1
best_fitness: 792.183
current_iteration: 2803
last_update_iteration: 174
current_time: 60.0032s
last_update_time: 3.68099s
largest_iteration_offset: 41
stalled_iterations: 2629
path_relink_time: 0s
num_path_relink_calls: 0
num_homogenities: 0
num_best_improvements: 0
num_elite_improvements: 0
num_exchanges: 0
num_shakes: 0
num_resets: 0
