Custom stopping criteria not supplied by the user. Using max. time = 30s and max. stall_offset = 0
Using 1 threads for decoding
initialization time: 0.0378032
best warm start solution: 1022.52
TSP tour:
0 46 40 25 4 11 38 41 6 54 65 8 39 47 63 5 23 51 73 42 17 3 31 52 26 35 71 53 74 21 44 36 28 57 13 29 1 20 10 68 60 14 62 12 58 55 64 66 19 30 61 72 50 48 34 56 9 43 70 37 16 33 59 24 49 67 18 45 27 7 69 2 22 15 32 
Operations:
0,46,40|40,25,4|4,11,38|38,6,54|54,65,39|39,47,5|5,23,51|51,73,42|73,42,17|17,3,31|31,52,35|35,71,53|53,74,44|44,36,28|28,57,20|20,10,60|60,14,12|12,58,55|55,64,66|66,19,30|30,61,72|72,50,48|48,34,56|56,9,43|43,70,16|16,33,59|59,24,49|24,49,67|67,45,27|27,7,69|69,2,22|22,32,0|
method: def_initPop
seed: 297720
Instance: 1
best_fitness: 819.729
current_iteration: 1454
last_update_iteration: 328
current_time: 30.0159s
last_update_time: 6.69262s
largest_iteration_offset: 74
stalled_iterations: 1126
path_relink_time: 0s
num_path_relink_calls: 0
num_homogenities: 0
num_best_improvements: 0
num_elite_improvements: 0
num_exchanges: 0
num_shakes: 0
num_resets: 0
