Custom stopping criteria not supplied by the user. Using max. time = 120s and max. stall_offset = 0
Using 1 threads for decoding
initialization time: 0.0250841
best warm start solution: 451.2
TSP tour:
0 26 46 21 34 41 3 1 37 11 10 23 20 19 29 4 22 49 39 12 30 38 27 32 8 13 31 44 9 6 40 43 28 33 35 47 15 18 24 7 17 48 36 14 5 42 2 16 45 25 
Operations:
0,46,21|21,41,1|1,37,11|11,10,23|23,19,29|29,22,49|49,39,12|12,27,32|32,13,44|44,9,28|28,33,35|35,47,15|15,18,7|7,17,48|48,36,14|14,5,42|42,16,45|45,25,0|
method: def_initPop
seed: 297720
Instance: 1
best_fitness: 391.802
current_iteration: 9188
last_update_iteration: 192
current_time: 120.008s
last_update_time: 2.48549s
largest_iteration_offset: 65
stalled_iterations: 8996
path_relink_time: 0s
num_path_relink_calls: 0
num_homogenities: 0
num_best_improvements: 0
num_elite_improvements: 0
num_exchanges: 0
num_shakes: 0
num_resets: 0
