Custom stopping criteria not supplied by the user. Using max. time = 120s and max. stall_offset = 0
Using 1 threads for decoding
initialization time: 0.0251325
best warm start solution: 451.2
TSP tour:
0 25 26 21 36 46 3 34 1 37 41 23 10 11 20 29 4 19 49 39 22 12 8 38 27 32 9 30 31 44 6 40 13 43 35 28 33 47 18 15 24 48 7 17 14 5 42 16 2 45 
Operations:
0,25,26|26,36,3|3,34,1|1,37,41|41,23,11|11,20,29|29,19,39|39,22,8|8,27,32|32,9,44|44,13,43|43,35,28|28,33,47|47,18,15|15,48,7|7,17,14|14,5,42|42,16,2|2,45,0|
method: def_initPop
seed: 2700001
Instance: 1
best_fitness: 388.553
current_iteration: 9202
last_update_iteration: 358
current_time: 120.009s
last_update_time: 4.63337s
largest_iteration_offset: 112
stalled_iterations: 8844
path_relink_time: 0s
num_path_relink_calls: 0
num_homogenities: 0
num_best_improvements: 0
num_elite_improvements: 0
num_exchanges: 0
num_shakes: 0
num_resets: 0
