Custom stopping criteria not supplied by the user. Using max. time = 120s and max. stall_offset = 0
Using 1 threads for decoding
initialization time: 0.025075
best warm start solution: 451.2
TSP tour:
0 25 26 21 46 36 3 34 1 37 41 10 23 11 20 29 19 4 49 39 22 31 44 12 38 30 32 8 27 13 9 40 6 43 35 28 33 47 18 15 24 48 7 17 14 5 42 16 2 45 
Operations:
0,25,26|26,36,3|3,34,1|1,37,41|41,23,11|11,20,29|29,19,39|39,22,44|44,38,30|30,32,8|8,27,13|13,9,40|40,6,43|43,35,28|28,33,47|47,18,15|15,48,7|7,17,14|14,5,42|42,16,2|2,45,0|
method: def_initPop
seed: 7515072
Instance: 1
best_fitness: 399.241
current_iteration: 9352
last_update_iteration: 130
current_time: 120.002s
last_update_time: 1.67062s
largest_iteration_offset: 37
stalled_iterations: 9222
path_relink_time: 0s
num_path_relink_calls: 0
num_homogenities: 0
num_best_improvements: 0
num_elite_improvements: 0
num_exchanges: 0
num_shakes: 0
num_resets: 0
