Custom stopping criteria not supplied by the user. Using max. time = 60s and max. stall_offset = 0
Using 1 threads for decoding
initialization time: 0.0386122
best warm start solution: 1111.68
TSP tour:
0 7 72 61 46 34 5 27 22 19 56 10 35 3 47 18 44 37 58 40 43 6 69 30 38 25 63 68 42 62 52 51 66 4 13 36 17 74 32 71 24 39 65 11 48 2 67 49 73 14 50 29 21 16 26 45 70 15 33 8 57 59 55 28 12 1 23 31 9 60 64 54 20 41 53 
Operations:
0,7,72|72,46,34|34,5,27|27,22,19|19,56,10|10,35,3|3,47,58|58,43,69|69,25,68|68,62,51|51,66,4|4,13,17|17,74,71|71,24,39|39,65,11|65,11,48|48,14,21|21,16,26|26,45,70|70,15,33|33,57,1|1,23,64|64,54,41|41,53,0|
method: def_initPop
seed: 1764168
Instance: 1
best_fitness: 848.618
current_iteration: 2779
last_update_iteration: 322
current_time: 60.0141s
last_update_time: 6.79276s
largest_iteration_offset: 54
stalled_iterations: 2457
path_relink_time: 0s
num_path_relink_calls: 0
num_homogenities: 0
num_best_improvements: 0
num_elite_improvements: 0
num_exchanges: 0
num_shakes: 0
num_resets: 0
