Custom stopping criteria not supplied by the user. Using max. time = 15s and max. stall_offset = 0
Using 1 threads for decoding
initialization time: 0.0707499
best warm start solution: 1150.82
TSP tour:
0 17 40 11 26 53 35 67 49 28 9 31 39 32 74 34 20 27 36 64 58 52 60 45 24 7 29 47 73 70 43 2 14 72 41 55 4 56 54 69 8 19 6 5 1 22 61 21 3 51 38 57 65 37 63 25 62 48 30 15 68 50 44 71 23 18 16 66 46 42 10 59 12 33 13 
Operations:
0,31,34|17,26,35|35,31,27|27,58,2|2,41,55|55,8,19|19,1,21|21,63,62|62,15,44|44,23,12|12,13,0|
method: def_initPop
seed: 1764168
Instance: 1
best_fitness: 1128.4
current_iteration: 365
last_update_iteration: 140
current_time: 15.022s
last_update_time: 5.48959s
largest_iteration_offset: 96
stalled_iterations: 225
path_relink_time: 0s
num_path_relink_calls: 0
num_homogenities: 0
num_best_improvements: 0
num_elite_improvements: 0
num_exchanges: 0
num_shakes: 0
num_resets: 0
