Custom stopping criteria not supplied by the user. Using max. time = 15s and max. stall_offset = 0
Using 1 threads for decoding
initialization time: 0.0578969
best warm start solution: 979.002
TSP tour:
0 49 45 32 9 48 10 33 1 2 37 34 43 31 7 42 15 21 17 36 47 11 13 23 14 26 39 35 3 5 16 20 41 12 4 46 6 44 28 22 27 18 19 40 8 29 24 38 30 25 
Operations:
0,2,34|34,43,21|21,17,14|14,35,28|28,29,0|
method: def_initPop
seed: 8434820
Instance: 1
best_fitness: 964.702
current_iteration: 714
last_update_iteration: 248
current_time: 15.0109s
last_update_time: 5.06563s
largest_iteration_offset: 129
stalled_iterations: 466
path_relink_time: 0s
num_path_relink_calls: 0
num_homogenities: 0
num_best_improvements: 0
num_elite_improvements: 0
num_exchanges: 0
num_shakes: 0
num_resets: 0
