Custom stopping criteria not supplied by the user. Using max. time = 60s and max. stall_offset = 0
Using 1 threads for decoding
initialization time: 0.0366271
best warm start solution: 896.74
TSP tour:
0 43 8 31 29 36 35 15 19 14 38 32 48 3 44 28 45 5 30 23 21 13 46 11 42 20 7 26 27 34 10 12 1 2 16 39 17 22 4 49 25 6 37 9 40 18 41 47 24 33 
Operations:
0,43,8|8,31,36|36,35,15|15,19,14|14,38,32|32,48,3|3,28,5|5,30,23|23,21,11|11,42,20|20,7,26|26,27,34|34,10,2|2,16,17|17,22,4|4,49,25|25,6,37|37,9,40|40,41,0|
method: def_initPop
seed: 7515072
Instance: 1
best_fitness: 734.585
current_iteration: 4800
last_update_iteration: 691
current_time: 60.0113s
last_update_time: 8.62873s
largest_iteration_offset: 378
stalled_iterations: 4109
path_relink_time: 0s
num_path_relink_calls: 0
num_homogenities: 0
num_best_improvements: 0
num_elite_improvements: 0
num_exchanges: 0
num_shakes: 0
num_resets: 0
