Custom stopping criteria not supplied by the user. Using max. time = 60s and max. stall_offset = 0
Using 1 threads for decoding
initialization time: 0.0124222
best warm start solution: 527.799
TSP tour:
0 19 23 35 22 37 1 9 28 5 44 25 34 48 42 2 45 40 33 26 12 10 27 39 3 47 32 17 36 7 20 29 8 15 30 24 21 38 31 46 13 6 11 43 49 16 4 41 14 18 
Operations:
0,23,22|22,1,9|9,28,25|25,34,40|40,33,10|10,-1,27|27,39,32|32,17,15|15,38,31|31,46,16|16,41,0|
method: def_initPop
seed: 7515072
Instance: 1
best_fitness: 521.133
current_iteration: 4616
last_update_iteration: 140
current_time: 60.002s
last_update_time: 1.77703s
largest_iteration_offset: 80
stalled_iterations: 4476
path_relink_time: 0s
num_path_relink_calls: 0
num_homogenities: 0
num_best_improvements: 0
num_elite_improvements: 0
num_exchanges: 0
num_shakes: 0
num_resets: 0
