Custom stopping criteria not supplied by the user. Using max. time = 120s and max. stall_offset = 0
Using 1 threads for decoding
initialization time: 0.0323827
best warm start solution: 668.263
TSP tour:
0 6 2 45 17 18 69 31 16 58 1 32 42 13 25 68 27 37 21 44 60 19 49 15 30 28 43 22 64 24 35 57 73 48 39 47 53 5 71 7 8 38 36 34 65 63 23 14 26 9 61 70 29 3 46 20 33 50 59 74 11 51 66 4 62 40 10 52 72 54 41 55 67 56 12 
Operations:
0,2,45|45,17,18|18,69,31|31,16,58|58,1,32|32,42,13|13,25,27|27,37,21|21,60,19|19,49,15|15,43,22|22,57,5|5,71,7|7,8,38|38,36,34|34,23,14|14,9,61|61,70,46|46,20,50|50,74,51|51,52,72|72,54,41|41,55,56|56,12,0|
method: def_initPop
seed: 2700001
Instance: 1
best_fitness: 589.647
current_iteration: 5172
last_update_iteration: 238
current_time: 120.003s
last_update_time: 5.44085s
largest_iteration_offset: 92
stalled_iterations: 4934
path_relink_time: 0s
num_path_relink_calls: 0
num_homogenities: 0
num_best_improvements: 0
num_elite_improvements: 0
num_exchanges: 0
num_shakes: 0
num_resets: 0
