Custom stopping criteria not supplied by the user. Using max. time = 30s and max. stall_offset = 0
Using 1 threads for decoding
initialization time: 0.135384
best warm start solution: 1127.3
TSP tour:
0 58 67 12 47 79 4 99 65 52 33 83 69 66 28 62 70 55 37 13 25 45 72 98 9 11 44 78 57 51 7 91 96 1 38 87 76 49 32 59 29 54 94 35 95 80 77 15 27 16 17 14 42 21 48 5 39 41 84 40 97 19 50 81 24 88 22 74 60 56 68 90 2 36 30 93 23 20 86 8 73 31 43 6 64 82 63 85 89 53 92 75 61 26 71 34 3 18 46 10 
Operations:
0,67,12|58,47,79|79,37,72|72,98,78|78,91,96|96,1,49|49,32,94|94,77,15|15,16,17|17,68,30|30,63,85|85,71,3|3,10,0|
method: def_initPop
seed: 8434820
Instance: 1
best_fitness: 1096
current_iteration: 550
last_update_iteration: 189
current_time: 30.0038s
last_update_time: 9.64308s
largest_iteration_offset: 103
stalled_iterations: 361
path_relink_time: 0s
num_path_relink_calls: 0
num_homogenities: 0
num_best_improvements: 0
num_elite_improvements: 0
num_exchanges: 0
num_shakes: 0
num_resets: 0
