Custom stopping criteria not supplied by the user. Using max. time = 60s and max. stall_offset = 0
Using 1 threads for decoding
initialization time: 0.0475583
best warm start solution: 535.695
TSP tour:
0 67 37 72 31 4 28 74 33 43 21 23 49 6 14 30 7 44 63 61 10 70 27 13 26 35 32 54 29 59 24 57 47 38 5 65 58 25 11 34 68 51 71 40 73 20 19 17 55 46 18 48 56 66 69 1 64 53 3 60 45 15 36 22 9 42 62 50 8 39 12 41 52 2 16 
Operations:
0,67,37|37,72,31|31,4,28|28,74,33|33,43,21|21,23,49|49,14,7|7,44,63|63,61,10|10,70,13|13,32,54|54,29,59|59,24,47|47,38,5|5,25,11|11,34,68|68,51,71|71,40,20|20,19,46|46,18,48|48,56,66|66,69,1|1,64,53|53,3,60|60,45,15|15,36,9|9,62,50|50,8,12|12,41,52|52,2,16|16,-1,0|
method: def_initPop
seed: 8434820
Instance: 1
best_fitness: 430.559
current_iteration: 4423
last_update_iteration: 280
current_time: 60.0019s
last_update_time: 3.76838s
largest_iteration_offset: 65
stalled_iterations: 4143
path_relink_time: 0s
num_path_relink_calls: 0
num_homogenities: 0
num_best_improvements: 0
num_elite_improvements: 0
num_exchanges: 0
num_shakes: 0
num_resets: 0
