Custom stopping criteria not supplied by the user. Using max. time = 30s and max. stall_offset = 0
Using 1 threads for decoding
initialization time: 0.0254917
best warm start solution: 486.703
TSP tour:
0 25 26 21 46 34 3 1 41 37 10 36 11 23 19 20 29 4 49 39 22 44 31 12 8 30 32 38 27 13 6 9 40 43 28 33 35 47 15 18 24 7 48 17 14 5 42 16 2 45 
Operations:
0,25,34|34,36,11|11,19,39|39,22,12|12,8,38|38,9,28|28,47,15|15,18,14|14,5,45|45,-1,0|
method: def_initPop
seed: 1764168
Instance: 1
best_fitness: 475.253
current_iteration: 1594
last_update_iteration: 110
current_time: 30.0087s
last_update_time: 2.02238s
largest_iteration_offset: 76
stalled_iterations: 1484
path_relink_time: 0s
num_path_relink_calls: 0
num_homogenities: 0
num_best_improvements: 0
num_elite_improvements: 0
num_exchanges: 0
num_shakes: 0
num_resets: 0
