Custom stopping criteria not supplied by the user. Using max. time = 120s and max. stall_offset = 0
Using 1 threads for decoding
initialization time: 0.0343699
best warm start solution: 486.703
TSP tour:
0 26 25 21 46 34 3 1 41 36 37 10 11 23 20 19 29 4 49 39 22 44 31 12 8 30 32 38 27 9 13 6 40 43 33 28 35 17 47 18 15 24 7 48 14 42 16 5 2 45 
Operations:
0,25,34|34,36,11|11,19,39|39,22,12|12,30,32|32,9,13|13,28,35|35,17,15|15,48,14|14,5,45|45,-1,0|
method: def_initPop
seed: 7515072
Instance: 1
best_fitness: 475.08
current_iteration: 6456
last_update_iteration: 95
current_time: 120.016s
last_update_time: 1.72607s
largest_iteration_offset: 56
stalled_iterations: 6361
path_relink_time: 0s
num_path_relink_calls: 0
num_homogenities: 0
num_best_improvements: 0
num_elite_improvements: 0
num_exchanges: 0
num_shakes: 0
num_resets: 0
