Custom stopping criteria not supplied by the user. Using max. time = 240s and max. stall_offset = 0
Using 1 threads for decoding
initialization time: 0.0518233
best warm start solution: 627.425
TSP tour:
0 92 56 54 32 7 15 44 34 24 53 25 37 23 96 73 12 62 45 42 29 85 78 79 94 55 19 22 36 40 77 65 18 60 87 61 38 90 80 50 11 26 39 89 84 95 63 41 75 69 4 1 64 3 33 21 47 83 30 76 99 5 74 35 31 81 71 66 97 43 17 67 9 10 14 93 58 8 16 48 28 88 27 68 20 70 13 52 82 72 91 2 57 98 49 46 59 6 51 86 
Operations:
0,32,7|7,34,96|96,62,78|73,62,79|79,22,36|36,77,60|60,61,50|50,39,89|89,84,4|4,64,21|21,47,99|99,5,66|66,97,67|67,14,93|93,48,88|58,48,27|27,70,82|82,49,46|46,59,0|
method: def_initPop
seed: 1764168
Instance: 1
best_fitness: 615.169
current_iteration: 4845
last_update_iteration: 173
current_time: 240.046s
last_update_time: 8.09157s
largest_iteration_offset: 95
stalled_iterations: 4672
path_relink_time: 0s
num_path_relink_calls: 0
num_homogenities: 0
num_best_improvements: 0
num_elite_improvements: 0
num_exchanges: 0
num_shakes: 0
num_resets: 0
