Custom stopping criteria not supplied by the user. Using max. time = 60s and max. stall_offset = 0
Using 1 threads for decoding
initialization time: 0.0251386
best warm start solution: 1008.19
TSP tour:
0 13 10 6 1 15 46 28 32 39 9 3 40 45 26 19 7 41 27 38 49 21 11 23 30 22 5 12 44 24 36 48 14 33 34 8 31 4 16 18 17 2 29 25 42 47 43 20 37 35 
Operations:
0,6,9|9,45,7|7,27,49|49,23,30|30,12,36|36,4,16|16,17,2|2,29,0|
method: def_initPop
seed: 2700001
Instance: 1
best_fitness: 971.101
current_iteration: 4413
last_update_iteration: 256
current_time: 60.0029s
last_update_time: 3.41848s
largest_iteration_offset: 101
stalled_iterations: 4157
path_relink_time: 0s
num_path_relink_calls: 0
num_homogenities: 0
num_best_improvements: 0
num_elite_improvements: 0
num_exchanges: 0
num_shakes: 0
num_resets: 0
