Custom stopping criteria not supplied by the user. Using max. time = 120s and max. stall_offset = 0
Using 1 threads for decoding
initialization time: 0.0394491
best warm start solution: 791.754
TSP tour:
0 49 3 40 27 5 21 36 35 28 1 17 8 23 39 41 47 13 20 48 25 2 19 43 11 33 24 18 46 44 9 7 42 34 38 32 6 31 15 22 45 16 14 29 26 30 37 12 10 4 
Operations:
0,49,40|40,27,5|5,35,17|17,13,20|20,48,25|25,2,19|19,43,11|11,33,24|24,18,46|46,44,9|9,7,42|42,34,38|38,32,6|6,31,15|15,22,45|22,45,16|16,14,29|29,26,37|37,12,10|10,4,0|
method: def_initPop
seed: 7515072
Instance: 1
best_fitness: 752.567
current_iteration: 8867
last_update_iteration: 111
current_time: 120.011s
last_update_time: 1.49631s
largest_iteration_offset: 49
stalled_iterations: 8756
path_relink_time: 0s
num_path_relink_calls: 0
num_homogenities: 0
num_best_improvements: 0
num_elite_improvements: 0
num_exchanges: 0
num_shakes: 0
num_resets: 0
