Custom stopping criteria not supplied by the user. Using max. time = 15s and max. stall_offset = 0
Using 1 threads for decoding
initialization time: 0.0546521
best warm start solution: 1388.94
TSP tour:
0 19 71 64 73 26 27 35 63 37 51 43 50 54 32 9 46 58 29 72 66 56 5 62 44 47 61 74 3 42 7 41 30 2 11 53 23 24 18 6 67 4 45 17 60 70 10 31 52 22 1 65 57 69 15 21 16 49 25 8 36 28 38 39 14 13 48 40 12 34 68 59 55 33 20 
Operations:
0,71,64|64,44,47|47,61,30|30,53,24|24,67,10|10,31,57|57,16,13|13,40,12|12,55,0|
method: def_initPop
seed: 1764168
Instance: 1
best_fitness: 1371.12
current_iteration: 366
last_update_iteration: 145
current_time: 15.0005s
last_update_time: 5.76225s
largest_iteration_offset: 72
stalled_iterations: 221
path_relink_time: 0s
num_path_relink_calls: 0
num_homogenities: 0
num_best_improvements: 0
num_elite_improvements: 0
num_exchanges: 0
num_shakes: 0
num_resets: 0
