Custom stopping criteria not supplied by the user. Using max. time = 15s and max. stall_offset = 0
Using 1 threads for decoding
initialization time: 0.019637
best warm start solution: 527.799
TSP tour:
0 19 23 35 28 34 22 37 1 9 5 44 25 48 42 2 45 40 33 26 12 10 27 39 3 47 32 17 36 7 20 29 8 15 30 24 21 38 31 13 6 11 46 43 49 16 4 14 18 41 
Operations:
0,23,28|28,34,5|5,45,40|40,33,10|10,17,29|27,39,32|32,17,15|15,38,31|31,46,16|16,41,0|
method: def_initPop
seed: 1764168
Instance: 1
best_fitness: 521.962
current_iteration: 800
last_update_iteration: 123
current_time: 15.0152s
last_update_time: 2.25762s
largest_iteration_offset: 93
stalled_iterations: 677
path_relink_time: 0s
num_path_relink_calls: 0
num_homogenities: 0
num_best_improvements: 0
num_elite_improvements: 0
num_exchanges: 0
num_shakes: 0
num_resets: 0
