Custom stopping criteria not supplied by the user. Using max. time = 60s and max. stall_offset = 0
Using 1 threads for decoding
initialization time: 0.0157574
best warm start solution: 787.237
TSP tour:
0 19 11 12 28 8 31 39 36 42 34 10 15 35 43 4 41 23 24 17 5 30 22 18 9 2 38 16 49 27 48 7 6 33 20 3 13 26 25 44 29 37 45 32 1 47 21 14 46 40 
Operations:
0,19,11|11,12,28|28,8,36|36,34,10|10,35,43|43,4,41|41,24,17|17,5,30|30,22,18|18,9,2|2,49,27|27,48,7|7,6,33|33,20,3|3,13,25|25,44,29|29,37,45|45,32,1|1,47,21|21,14,46|46,40,0|
method: def_initPop
seed: 1764168
Instance: 1
best_fitness: 625.42
current_iteration: 7203
last_update_iteration: 134
current_time: 60.0004s
last_update_time: 1.13675s
largest_iteration_offset: 23
stalled_iterations: 7069
path_relink_time: 0s
num_path_relink_calls: 0
num_homogenities: 0
num_best_improvements: 0
num_elite_improvements: 0
num_exchanges: 0
num_shakes: 0
num_resets: 0
