Custom stopping criteria not supplied by the user. Using max. time = 15s and max. stall_offset = 0
Using 1 threads for decoding
initialization time: 0.0289297
best warm start solution: 1084.42
TSP tour:
0 41 8 29 36 31 43 35 38 19 32 3 48 44 45 5 28 30 21 46 10 42 13 11 23 20 27 26 34 7 12 1 2 39 17 16 25 9 6 37 4 49 14 15 22 47 40 24 18 33 
Operations:
0,31,32|32,48,45|45,28,27|27,7,12|12,16,9|1,2,16|16,22,40|40,18,0|
method: def_initPop
seed: 1764168
Instance: 1
best_fitness: 1081.93
current_iteration: 727
last_update_iteration: 143
current_time: 15.018s
last_update_time: 2.82745s
largest_iteration_offset: 106
stalled_iterations: 584
path_relink_time: 0s
num_path_relink_calls: 0
num_homogenities: 0
num_best_improvements: 0
num_elite_improvements: 0
num_exchanges: 0
num_shakes: 0
num_resets: 0
