Custom stopping criteria not supplied by the user. Using max. time = 30s and max. stall_offset = 0
Using 1 threads for decoding
initialization time: 0.0157022
best warm start solution: 432.682
TSP tour:
0 46 14 31 47 36 23 41 16 28 30 34 38 2 4 37 35 12 48 9 5 42 49 32 19 11 20 13 26 29 6 10 21 45 40 22 27 3 39 18 8 43 33 7 17 24 44 15 1 25 
Operations:
0,46,14|14,47,36|36,23,41|41,16,28|28,30,34|34,38,2|2,4,37|37,35,9|9,5,42|42,49,19|19,11,20|20,13,26|26,29,6|6,21,45|45,40,22|22,27,39|39,18,8|8,43,7|7,17,24|24,44,1|1,25,0|
method: def_initPop
seed: 8434820
Instance: 1
best_fitness: 352.941
current_iteration: 2535
last_update_iteration: 120
current_time: 30.0075s
last_update_time: 1.41942s
largest_iteration_offset: 22
stalled_iterations: 2415
path_relink_time: 0s
num_path_relink_calls: 0
num_homogenities: 0
num_best_improvements: 0
num_elite_improvements: 0
num_exchanges: 0
num_shakes: 0
num_resets: 0
