Custom stopping criteria not supplied by the user. Using max. time = 60s and max. stall_offset = 0
Using 1 threads for decoding
initialization time: 0.0422779
best warm start solution: 468.214
TSP tour:
0 38 43 13 44 68 21 6 25 8 56 9 69 52 42 67 54 59 28 5 47 32 17 73 39 31 45 7 46 34 65 66 20 62 23 57 55 74 64 27 58 70 22 1 37 41 53 14 24 48 63 16 19 49 40 30 71 61 35 11 26 12 72 10 50 36 33 18 51 4 29 60 15 3 2 
Operations:
0,38,43|43,13,44|44,21,6|6,25,8|8,56,9|9,52,42|42,67,54|54,59,28|28,5,47|47,17,73|73,39,31|31,45,7|7,46,34|34,65,20|20,62,23|23,57,55|55,74,27|27,58,70|70,22,1|1,37,41|41,-1,53|53,14,24|24,48,63|63,16,19|19,49,30|30,71,61|61,35,26|26,12,72|72,10,50|50,36,33|33,18,51|51,4,29|29,60,15|15,2,0|
method: def_initPop
seed: 8434820
Instance: 1
best_fitness: 456.885
current_iteration: 3946
last_update_iteration: 450
current_time: 60.0133s
last_update_time: 6.94202s
largest_iteration_offset: 211
stalled_iterations: 3496
path_relink_time: 0s
num_path_relink_calls: 0
num_homogenities: 0
num_best_improvements: 0
num_elite_improvements: 0
num_exchanges: 0
num_shakes: 0
num_resets: 0
