Custom stopping criteria not supplied by the user. Using max. time = 30s and max. stall_offset = 0
Using 1 threads for decoding
initialization time: 0.035367
best warm start solution: 501.609
TSP tour:
0 11 44 2 40 33 6 21 24 17 19 32 28 12 15 25 18 30 16 31 14 49 36 8 46 34 48 41 37 23 22 43 13 45 42 26 39 7 20 47 27 38 10 29 5 3 35 9 1 4 
Operations:
0,11,44|44,2,40|40,21,12|12,15,25|25,30,16|16,31,14|14,49,36|36,8,41|41,37,23|23,45,42|42,26,39|39,7,20|20,47,38|38,10,29|29,5,3|3,35,1|1,4,0|
method: def_initPop
seed: 2700001
Instance: 1
best_fitness: 389.074
current_iteration: 2398
last_update_iteration: 247
current_time: 30.0073s
last_update_time: 3.06414s
largest_iteration_offset: 30
stalled_iterations: 2151
path_relink_time: 0s
num_path_relink_calls: 0
num_homogenities: 0
num_best_improvements: 0
num_elite_improvements: 0
num_exchanges: 0
num_shakes: 0
num_resets: 0
