Custom stopping criteria not supplied by the user. Using max. time = 15s and max. stall_offset = 0
Using 1 threads for decoding
initialization time: 0.023764
best warm start solution: 565.058
TSP tour:
0 35 29 3 41 22 2 43 16 36 42 48 45 20 33 18 15 46 1 24 25 32 4 26 31 37 7 13 11 40 10 19 23 8 34 49 14 30 9 21 39 5 17 47 27 44 12 38 6 28 
Operations:
0,29,41|41,2,42|42,45,33|33,24,32|32,34,49|4,26,7|7,34,39|39,47,27|5,47,44|44,28,0|
method: def_initPop
seed: 1764168
Instance: 1
best_fitness: 564.12
current_iteration: 748
last_update_iteration: 102
current_time: 15.0091s
last_update_time: 1.97655s
largest_iteration_offset: 101
stalled_iterations: 646
path_relink_time: 0s
num_path_relink_calls: 0
num_homogenities: 0
num_best_improvements: 0
num_elite_improvements: 0
num_exchanges: 0
num_shakes: 0
num_resets: 0
