Custom stopping criteria not supplied by the user. Using max. time = 15s and max. stall_offset = 0
Using 1 threads for decoding
initialization time: 0.0377998
best warm start solution: 753.851
TSP tour:
0 7 19 10 27 36 9 49 39 37 35 26 32 48 38 14 18 31 43 21 17 45 44 23 4 13 46 29 42 20 8 30 5 2 22 6 33 3 47 1 16 15 11 28 25 40 34 12 24 41 
Operations:
0,26,44|44,29,42|42,16,15|15,11,40|40,24,0|
method: def_initPop
seed: 2700001
Instance: 1
best_fitness: 743.727
current_iteration: 732
last_update_iteration: 119
current_time: 15.0164s
last_update_time: 2.35942s
largest_iteration_offset: 70
stalled_iterations: 613
path_relink_time: 0s
num_path_relink_calls: 0
num_homogenities: 0
num_best_improvements: 0
num_elite_improvements: 0
num_exchanges: 0
num_shakes: 0
num_resets: 0
