Custom stopping criteria not supplied by the user. Using max. time = 60s and max. stall_offset = 0
Using 1 threads for decoding
initialization time: 0.0257703
best warm start solution: 1144.79
TSP tour:
0 15 40 46 65 25 4 11 41 47 54 6 8 39 63 5 51 73 23 42 3 31 26 35 74 52 71 21 53 44 36 28 10 13 29 1 20 68 17 60 57 62 12 14 55 64 58 66 9 72 30 19 61 50 48 34 56 43 37 16 33 59 24 70 67 49 45 32 2 69 27 18 7 38 22 
Operations:
0,65,11|11,47,35|35,74,36|36,-1,28|28,10,20|20,-1,68|68,57,14|14,64,72|72,-1,30|30,19,49|49,2,69|69,38,0|
method: def_initPop
seed: 7515072
Instance: 1
best_fitness: 1089.92
current_iteration: 2055
last_update_iteration: 286
current_time: 60.0225s
last_update_time: 8.04602s
largest_iteration_offset: 109
stalled_iterations: 1769
path_relink_time: 0s
num_path_relink_calls: 0
num_homogenities: 0
num_best_improvements: 0
num_elite_improvements: 0
num_exchanges: 0
num_shakes: 0
num_resets: 0
