Custom stopping criteria not supplied by the user. Using max. time = 60s and max. stall_offset = 0
Using 1 threads for decoding
initialization time: 0.0461918
best warm start solution: 750.161
TSP tour:
0 18 44 73 31 15 66 22 33 64 37 30 55 20 60 5 56 57 53 54 11 41 23 12 63 69 47 72 10 46 70 58 2 48 6 17 3 34 16 9 38 7 59 40 49 4 51 19 61 14 13 45 43 52 35 27 36 50 28 21 29 71 67 68 65 24 26 32 1 25 39 74 8 62 42 
Operations:
0,22,30|30,55,20|20,60,5|5,57,53|53,11,41|41,23,63|63,69,47|47,72,10|10,46,70|70,58,2|2,48,6|6,3,16|16,7,40|40,49,4|4,61,14|14,13,35|35,36,50|50,28,21|21,71,67|67,68,65|65,24,26|26,32,1|1,25,74|74,62,0|
method: def_initPop
seed: 7515072
Instance: 1
best_fitness: 578.892
current_iteration: 2955
last_update_iteration: 207
current_time: 60.0056s
last_update_time: 4.13266s
largest_iteration_offset: 40
stalled_iterations: 2748
path_relink_time: 0s
num_path_relink_calls: 0
num_homogenities: 0
num_best_improvements: 0
num_elite_improvements: 0
num_exchanges: 0
num_shakes: 0
num_resets: 0
