Custom stopping criteria not supplied by the user. Using max. time = 30s and max. stall_offset = 0
Using 1 threads for decoding
initialization time: 0.0166023
best warm start solution: 701.132
TSP tour:
0 2 29 20 12 46 42 31 28 36 26 23 25 38 41 5 40 39 33 32 11 49 7 14 47 21 43 15 19 4 34 45 35 24 8 3 10 22 44 48 17 16 18 9 13 1 30 37 27 6 
Operations:
0,26,38|38,5,40|40,11,4|4,44,48|48,17,30|30,27,0|
method: def_initPop
seed: 1764168
Instance: 1
best_fitness: 691.016
current_iteration: 1444
last_update_iteration: 96
current_time: 30.001s
last_update_time: 1.89104s
largest_iteration_offset: 69
stalled_iterations: 1348
path_relink_time: 0s
num_path_relink_calls: 0
num_homogenities: 0
num_best_improvements: 0
num_elite_improvements: 0
num_exchanges: 0
num_shakes: 0
num_resets: 0
