Custom stopping criteria not supplied by the user. Using max. time = 120s and max. stall_offset = 0
Using 1 threads for decoding
initialization time: 0.231033
best warm start solution: 1487.25
TSP tour:
0 37 74 51 43 72 11 21 68 38 62 18 42 7 29 8 40 27 31 58 39 2 65 34 49 59 4 15 3 9 17 67 22 19 35 12 52 48 24 50 5 16 23 13 30 6 45 44 61 33 57 63 28 64 66 26 73 71 70 25 53 32 20 69 54 47 1 41 14 60 46 55 56 10 36 
Operations:
0,37,62|62,7,29|29,27,39|39,4,15|15,17,22|22,35,52|52,48,13|13,30,63|63,25,54|54,41,14|14,55,56|56,36,0|
method: def_initPop
seed: 8434820
Instance: 1
best_fitness: 1418.02
current_iteration: 3046
last_update_iteration: 158
current_time: 120.028s
last_update_time: 5.89955s
largest_iteration_offset: 86
stalled_iterations: 2888
path_relink_time: 0s
num_path_relink_calls: 0
num_homogenities: 0
num_best_improvements: 0
num_elite_improvements: 0
num_exchanges: 0
num_shakes: 0
num_resets: 0
