Custom stopping criteria not supplied by the user. Using max. time = 30s and max. stall_offset = 0
Using 1 threads for decoding
initialization time: 0.0272695
best warm start solution: 526.454
TSP tour:
0 38 44 24 43 8 30 1 36 49 9 26 37 2 17 14 32 22 42 28 27 41 3 39 20 31 19 4 45 25 23 47 48 7 11 21 6 13 29 46 33 12 34 16 35 10 18 5 40 15 
Operations:
0,30,9|9,37,2|2,14,42|42,41,3|3,45,25|25,7,11|11,6,13|13,33,12|12,34,18|18,15,0|
method: def_initPop
seed: 7515072
Instance: 1
best_fitness: 514.811
current_iteration: 1617
last_update_iteration: 108
current_time: 30.0169s
last_update_time: 1.95428s
largest_iteration_offset: 79
stalled_iterations: 1509
path_relink_time: 0s
num_path_relink_calls: 0
num_homogenities: 0
num_best_improvements: 0
num_elite_improvements: 0
num_exchanges: 0
num_shakes: 0
num_resets: 0
