Custom stopping criteria not supplied by the user. Using max. time = 60s and max. stall_offset = 0
Using 1 threads for decoding
initialization time: 0.0212249
best warm start solution: 959.837
TSP tour:
0 3 22 41 25 31 18 10 36 24 48 34 26 11 17 27 8 39 40 37 16 4 7 28 20 15 47 23 38 35 14 44 33 21 1 46 2 12 32 45 42 29 5 6 43 9 49 30 13 19 
Operations:
0,3,41|41,25,31|31,10,36|36,-1,24|24,48,34|34,11,17|17,27,8|8,40,16|16,-1,4|4,7,28|28,20,15|15,47,23|23,38,35|35,14,44|44,21,1|1,46,2|2,45,42|42,5,43|43,9,49|49,30,0|
method: def_initPop
seed: 2700001
Instance: 1
best_fitness: 890.476
current_iteration: 6604
last_update_iteration: 167
current_time: 60.0106s
last_update_time: 1.53989s
largest_iteration_offset: 54
stalled_iterations: 6437
path_relink_time: 0s
num_path_relink_calls: 0
num_homogenities: 0
num_best_improvements: 0
num_elite_improvements: 0
num_exchanges: 0
num_shakes: 0
num_resets: 0
