Custom stopping criteria not supplied by the user. Using max. time = 60s and max. stall_offset = 0
Using 1 threads for decoding
initialization time: 0.00668085
best warm start solution: 487.782
TSP tour:
0 25 14 31 36 47 46 23 16 41 28 34 30 38 4 35 2 37 12 48 9 42 32 5 19 11 21 20 49 26 13 29 6 10 45 22 40 3 27 43 18 39 8 17 7 33 44 24 15 1 
Operations:
0,46,16|16,34,30|30,38,48|48,5,19|19,11,49|49,29,22|22,3,43|43,39,8|8,44,1|1,-1,0|
method: def_initPop
seed: 1764168
Instance: 1
best_fitness: 479.22
current_iteration: 4648
last_update_iteration: 84
current_time: 60.0034s
last_update_time: 1.02983s
largest_iteration_offset: 70
stalled_iterations: 4564
path_relink_time: 0s
num_path_relink_calls: 0
num_homogenities: 0
num_best_improvements: 0
num_elite_improvements: 0
num_exchanges: 0
num_shakes: 0
num_resets: 0
