Custom stopping criteria not supplied by the user. Using max. time = 60s and max. stall_offset = 0
Using 1 threads for decoding
initialization time: 0.00656897
best warm start solution: 487.782
TSP tour:
0 25 14 31 36 47 23 16 41 28 34 30 38 4 35 2 37 12 48 9 5 42 32 19 11 49 29 26 20 21 13 6 10 45 22 40 46 27 43 39 18 3 8 17 44 7 33 24 15 1 
Operations:
0,14,31|31,47,16|16,34,30|30,38,48|48,5,19|19,11,20|20,21,45|45,46,39|39,3,8|8,44,1|1,-1,0|
method: def_initPop
seed: 8434820
Instance: 1
best_fitness: 478.503
current_iteration: 4666
last_update_iteration: 92
current_time: 60.0005s
last_update_time: 1.15207s
largest_iteration_offset: 66
stalled_iterations: 4574
path_relink_time: 0s
num_path_relink_calls: 0
num_homogenities: 0
num_best_improvements: 0
num_elite_improvements: 0
num_exchanges: 0
num_shakes: 0
num_resets: 0
