Custom stopping criteria not supplied by the user. Using max. time = 60s and max. stall_offset = 0
Using 1 threads for decoding
initialization time: 0.0165317
best warm start solution: 419.131
TSP tour:
0 4 35 3 31 5 18 14 20 7 39 43 15 11 21 25 47 6 16 49 29 46 28 26 45 1 48 40 9 38 10 22 8 36 24 41 37 30 34 32 13 33 42 12 2 19 44 27 23 17 
Operations:
0,4,35|35,31,14|14,20,7|7,11,21|21,25,47|47,6,16|16,49,29|29,46,28|28,45,1|1,9,38|38,22,24|24,41,37|37,30,32|32,13,42|42,12,19|19,27,23|23,17,0|
method: def_initPop
seed: 2700001
Instance: 1
best_fitness: 374.712
current_iteration: 6880
last_update_iteration: 114
current_time: 60.0003s
last_update_time: 0.991314s
largest_iteration_offset: 45
stalled_iterations: 6766
path_relink_time: 0s
num_path_relink_calls: 0
num_homogenities: 0
num_best_improvements: 0
num_elite_improvements: 0
num_exchanges: 0
num_shakes: 0
num_resets: 0
