Custom stopping criteria not supplied by the user. Using max. time = 60s and max. stall_offset = 0
Using 1 threads for decoding
initialization time: 0.157785
best warm start solution: 1351.81
TSP tour:
0 74 37 51 43 72 68 11 40 21 62 38 7 18 42 29 8 27 31 58 39 17 2 65 49 59 34 15 3 4 9 22 67 19 48 35 12 52 24 50 5 16 23 13 6 45 25 44 61 33 57 30 63 28 64 66 26 73 71 70 53 20 32 69 54 41 1 47 14 60 46 56 10 55 36 
Operations:
0,37,51|51,43,72|72,68,11|11,40,62|62,7,18|18,42,29|29,27,58|58,17,65|65,59,34|34,15,3|3,4,22|22,67,19|19,35,12|12,52,50|50,13,6|6,25,44|44,30,73|73,71,70|70,20,32|32,69,54|54,41,1|1,47,14|14,60,46|46,55,36|36,-1,0|
method: def_initPop
seed: 7515072
Instance: 1
best_fitness: 1177.65
current_iteration: 3556
last_update_iteration: 417
current_time: 60.0038s
last_update_time: 7.01472s
largest_iteration_offset: 125
stalled_iterations: 3139
path_relink_time: 0s
num_path_relink_calls: 0
num_homogenities: 0
num_best_improvements: 0
num_elite_improvements: 0
num_exchanges: 0
num_shakes: 0
num_resets: 0
