Custom stopping criteria not supplied by the user. Using max. time = 15s and max. stall_offset = 0
Using 1 threads for decoding
initialization time: 0.0288002
best warm start solution: 632.2
TSP tour:
0 55 36 72 89 33 47 19 25 31 88 78 21 62 44 43 94 37 7 60 59 3 99 12 79 32 5 26 54 40 22 16 39 2 73 71 56 10 14 65 13 85 50 97 1 84 11 90 53 29 93 80 34 95 46 96 23 61 41 67 20 49 6 91 58 86 17 18 24 92 74 66 57 64 52 75 51 35 87 27 70 28 45 69 82 98 77 38 8 76 9 81 42 30 48 83 15 63 4 68 
Operations:
0,89,33|33,19,31|47,21,62|62,37,99|99,79,32|32,26,22|22,16,56|56,85,50|50,97,84|84,53,96|96,61,20|23,49,6|6,91,92|92,66,64|74,66,52|52,87,27|27,82,98|98,81,30|30,83,15|15,4,0|
method: def_initPop
seed: 7515072
Instance: 1
best_fitness: 632.2
current_iteration: 316
last_update_iteration: 1
current_time: 15.0214s
last_update_time: 0.0411336s
largest_iteration_offset: 1
stalled_iterations: 315
path_relink_time: 0s
num_path_relink_calls: 0
num_homogenities: 0
num_best_improvements: 0
num_elite_improvements: 0
num_exchanges: 0
num_shakes: 0
num_resets: 0
