Custom stopping criteria not supplied by the user. Using max. time = 30s and max. stall_offset = 0
Using 1 threads for decoding
initialization time: 0.0393779
best warm start solution: 1246.73
TSP tour:
0 72 7 23 46 22 5 27 56 19 10 47 35 3 18 37 44 58 11 40 43 6 69 30 63 38 25 62 68 42 52 66 51 4 36 74 17 32 13 71 39 65 24 48 34 61 2 67 29 49 73 50 21 16 26 45 15 57 14 33 8 59 55 28 12 1 31 9 64 70 60 54 53 41 20 
Operations:
0,56,19|72,56,10|10,47,11|11,43,68|68,66,51|51,74,17|17,13,48|48,29,73|73,45,15|15,14,55|55,70,0|
method: def_initPop
seed: 7515072
Instance: 1
best_fitness: 1196.34
current_iteration: 753
last_update_iteration: 134
current_time: 30.0162s
last_update_time: 5.12388s
largest_iteration_offset: 63
stalled_iterations: 619
path_relink_time: 0s
num_path_relink_calls: 0
num_homogenities: 0
num_best_improvements: 0
num_elite_improvements: 0
num_exchanges: 0
num_shakes: 0
num_resets: 0
