Custom stopping criteria not supplied by the user. Using max. time = 60s and max. stall_offset = 0
Using 1 threads for decoding
initialization time: 0.0700381
best warm start solution: 1393.44
TSP tour:
0 67 71 66 39 63 98 59 99 17 35 2 87 73 72 68 80 40 81 13 45 3 53 34 44 61 74 52 95 75 47 84 77 14 89 42 20 9 50 70 4 1 18 46 88 85 30 16 56 21 43 55 82 65 64 19 78 41 6 12 36 58 29 49 90 62 28 54 97 24 31 32 93 22 37 10 51 79 96 69 38 8 60 94 15 57 11 7 76 83 5 91 25 33 48 26 23 92 86 27 
Operations:
0,66,39|39,63,59|59,35,2|2,87,73|73,72,68|68,40,81|81,45,34|34,44,95|95,75,47|47,77,9|9,70,4|4,46,85|85,30,16|16,56,21|21,43,55|55,82,64|64,19,78|78,41,6|6,36,58|58,29,90|90,62,28|28,54,24|24,31,32|32,93,22|22,79,69|69,38,8|8,60,94|94,57,76|76,83,5|5,25,33|33,48,26|26,23,92|92,27,0|
method: def_initPop
seed: 297720
Instance: 1
best_fitness: 1127.69
current_iteration: 3041
last_update_iteration: 502
current_time: 60.0096s
last_update_time: 9.73173s
largest_iteration_offset: 123
stalled_iterations: 2539
path_relink_time: 0s
num_path_relink_calls: 0
num_homogenities: 0
num_best_improvements: 0
num_elite_improvements: 0
num_exchanges: 0
num_shakes: 0
num_resets: 0
