Custom stopping criteria not supplied by the user. Using max. time = 60s and max. stall_offset = 0
Using 1 threads for decoding
initialization time: 0.0116065
best warm start solution: 494.29
TSP tour:
0 63 64 23 69 40 66 58 32 29 22 59 27 54 24 72 3 67 55 2 20 45 48 50 10 35 46 53 39 36 37 16 41 18 52 5 26 38 44 47 70 33 56 9 30 11 68 15 71 61 8 6 14 31 7 62 34 28 43 1 12 65 73 60 42 57 4 74 25 13 49 19 17 51 21 
Operations:
0,63,64|64,23,69|69,40,66|66,58,32|32,27,54|54,24,72|72,67,55|55,2,45|45,48,50|50,10,35|35,46,53|53,-1,39|39,36,37|37,16,41|41,18,26|26,47,70|70,33,56|56,9,30|30,11,68|68,61,8|8,14,62|62,34,28|28,1,12|12,73,60|60,42,4|4,74,25|25,13,49|49,17,51|51,21,0|
method: def_initPop
seed: 1764168
Instance: 1
best_fitness: 451.879
current_iteration: 3776
last_update_iteration: 585
current_time: 60.0079s
last_update_time: 9.37556s
largest_iteration_offset: 383
stalled_iterations: 3191
path_relink_time: 0s
num_path_relink_calls: 0
num_homogenities: 0
num_best_improvements: 0
num_elite_improvements: 0
num_exchanges: 0
num_shakes: 0
num_resets: 0
