Custom stopping criteria not supplied by the user. Using max. time = 60s and max. stall_offset = 0
Using 1 threads for decoding
initialization time: 0.0124492
best warm start solution: 494.29
TSP tour:
0 23 64 40 69 66 32 58 29 22 59 27 67 72 54 3 55 20 2 45 48 50 10 35 24 46 53 39 36 37 16 41 52 5 18 26 47 38 44 70 33 56 9 30 11 61 68 15 14 8 71 31 6 7 62 34 28 1 43 12 65 73 60 42 57 4 74 25 13 49 19 51 17 63 21 
Operations:
0,23,64|64,40,69|69,-1,66|66,32,58|58,27,72|72,54,55|55,2,45|45,48,50|50,10,35|35,24,39|39,36,37|37,16,41|41,18,26|26,47,70|70,33,56|56,9,30|30,11,61|61,14,8|8,71,31|31,6,62|62,34,28|28,1,12|12,73,60|60,42,4|4,74,25|25,13,49|49,19,51|51,17,63|63,21,0|
method: def_initPop
seed: 2700001
Instance: 1
best_fitness: 453.37
current_iteration: 3796
last_update_iteration: 590
current_time: 60.0084s
last_update_time: 9.28686s
largest_iteration_offset: 178
stalled_iterations: 3206
path_relink_time: 0s
num_path_relink_calls: 0
num_homogenities: 0
num_best_improvements: 0
num_elite_improvements: 0
num_exchanges: 0
num_shakes: 0
num_resets: 0
