Custom stopping criteria not supplied by the user. Using max. time = 60s and max. stall_offset = 0
Using 1 threads for decoding
initialization time: 0.108087
best warm start solution: 1403.51
TSP tour:
0 53 64 39 23 74 42 18 30 31 14 25 21 51 72 56 27 11 70 33 20 38 63 66 40 49 16 5 67 65 60 29 26 2 61 3 12 37 47 6 9 69 34 68 32 22 24 36 52 17 28 7 4 57 48 59 41 45 55 15 62 1 13 8 54 44 50 35 73 19 10 43 58 71 46 
Operations:
0,23,30|30,25,51|51,63,5|5,29,3|3,12,6|6,34,17|9,34,28|28,7,55|55,19,0|
method: def_initPop
seed: 2700001
Instance: 1
best_fitness: 1365.54
current_iteration: 1426
last_update_iteration: 209
current_time: 60.0344s
last_update_time: 8.40697s
largest_iteration_offset: 98
stalled_iterations: 1217
path_relink_time: 0s
num_path_relink_calls: 0
num_homogenities: 0
num_best_improvements: 0
num_elite_improvements: 0
num_exchanges: 0
num_shakes: 0
num_resets: 0
