Custom stopping criteria not supplied by the user. Using max. time = 15s and max. stall_offset = 0
Using 1 threads for decoding
initialization time: 0.0490456
best warm start solution: 903.197
TSP tour:
0 2 15 4 8 17 20 27 53 18 36 40 42 12 39 68 11 49 64 45 9 63 3 5 26 46 59 65 52 55 7 69 74 70 56 22 33 25 62 28 21 37 60 50 19 72 48 1 43 31 23 24 30 47 35 57 73 38 66 44 29 54 16 34 58 6 10 67 41 51 61 14 71 32 13 
Operations:
0,15,17|17,20,68|68,64,26|26,59,65|65,69,62|62,28,1|1,24,35|35,57,66|66,44,51|51,61,0|
method: def_initPop
seed: 8434820
Instance: 1
best_fitness: 896.463
current_iteration: 360
last_update_iteration: 113
current_time: 15.0141s
last_update_time: 4.51143s
largest_iteration_offset: 87
stalled_iterations: 247
path_relink_time: 0s
num_path_relink_calls: 0
num_homogenities: 0
num_best_improvements: 0
num_elite_improvements: 0
num_exchanges: 0
num_shakes: 0
num_resets: 0
