Custom stopping criteria not supplied by the user. Using max. time = 30s and max. stall_offset = 0
Using 1 threads for decoding
initialization time: 0.0969828
best warm start solution: 1556.86
TSP tour:
0 86 67 71 66 39 98 59 63 99 17 2 72 87 73 68 35 80 45 40 44 81 13 3 53 34 61 74 52 95 47 75 84 48 14 89 42 20 9 50 4 1 18 56 88 30 85 16 21 55 65 43 64 19 82 70 25 46 41 57 36 78 6 12 29 58 49 90 62 28 97 24 32 22 37 79 93 31 54 38 69 77 8 60 94 96 51 10 15 11 7 76 83 5 91 33 26 92 23 27 
Operations:
0,66,87|87,35,50|50,56,88|88,21,65|65,41,57|57,36,58|58,79,38|38,77,91|91,27,0|
method: def_initPop
seed: 8434820
Instance: 1
best_fitness: 1492.34
current_iteration: 553
last_update_iteration: 146
current_time: 30.032s
last_update_time: 7.39539s
largest_iteration_offset: 94
stalled_iterations: 407
path_relink_time: 0s
num_path_relink_calls: 0
num_homogenities: 0
num_best_improvements: 0
num_elite_improvements: 0
num_exchanges: 0
num_shakes: 0
num_resets: 0
