Custom stopping criteria not supplied by the user. Using max. time = 15s and max. stall_offset = 0
Using 1 threads for decoding
initialization time: 0.0306658
best warm start solution: 509.398
TSP tour:
0 46 34 59 16 15 60 73 58 20 3 44 18 48 41 68 23 45 29 9 14 54 28 30 8 1 65 6 24 7 31 69 2 19 74 55 57 27 10 25 67 70 72 50 22 62 36 52 33 63 42 5 38 51 47 53 13 49 26 66 11 39 17 40 64 4 71 35 37 56 61 43 12 21 32 
Operations:
0,46,34|34,59,16|16,15,60|60,73,58|58,20,3|3,44,48|48,41,23|23,45,9|9,14,54|54,28,30|30,8,1|1,65,6|6,24,31|31,69,2|2,19,55|55,57,27|27,10,25|25,67,70|70,72,50|50,22,62|62,36,52|52,63,42|42,5,38|38,51,47|47,53,13|13,49,26|26,11,39|39,17,40|40,64,4|4,71,35|35,37,56|56,61,43|43,12,21|21,32,0|
method: def_initPop
seed: 297720
Instance: 1
best_fitness: 471.738
current_iteration: 798
last_update_iteration: 433
current_time: 15.0075s
last_update_time: 8.12011s
largest_iteration_offset: 128
stalled_iterations: 365
path_relink_time: 0s
num_path_relink_calls: 0
num_homogenities: 0
num_best_improvements: 0
num_elite_improvements: 0
num_exchanges: 0
num_shakes: 0
num_resets: 0
