Custom stopping criteria not supplied by the user. Using max. time = 120s and max. stall_offset = 0
Using 1 threads for decoding
initialization time: 0.0126998
best warm start solution: 448.893
TSP tour:
0 33 22 19 35 16 28 10 47 29 48 32 42 9 44 38 11 2 49 4 26 34 40 31 30 20 36 27 21 3 46 14 17 39 15 37 7 41 1 5 24 8 12 25 18 23 43 45 13 6 
Operations:
0,33,22|22,16,28|28,29,32|32,9,38|38,4,26|26,40,31|31,30,20|20,36,27|27,3,46|46,14,17|17,39,15|15,37,7|7,41,1|1,5,24|24,8,25|25,18,43|43,45,13|13,6,0|
method: def_initPop
seed: 1764168
Instance: 1
best_fitness: 410.855
current_iteration: 9170
last_update_iteration: 298
current_time: 120.011s
last_update_time: 3.91277s
largest_iteration_offset: 146
stalled_iterations: 8872
path_relink_time: 0s
num_path_relink_calls: 0
num_homogenities: 0
num_best_improvements: 0
num_elite_improvements: 0
num_exchanges: 0
num_shakes: 0
num_resets: 0
