Custom stopping criteria not supplied by the user. Using max. time = 120s and max. stall_offset = 0
Using 1 threads for decoding
initialization time: 0.0127218
best warm start solution: 448.893
TSP tour:
0 33 22 19 35 28 16 10 47 48 32 44 42 29 9 4 11 38 2 49 40 26 34 31 30 20 36 27 3 21 46 14 17 39 15 37 7 41 1 5 24 8 12 25 18 23 43 45 13 6 
Operations:
0,33,22|22,19,35|35,28,16|28,16,10|10,47,48|47,48,32|32,44,42|42,29,9|9,4,11|11,38,49|49,40,31|31,30,20|20,36,27|27,3,46|46,14,17|17,39,15|15,37,7|7,41,1|1,5,24|24,8,25|25,18,43|43,45,13|13,6,0|
method: def_initPop
seed: 7515072
Instance: 1
best_fitness: 409.958
current_iteration: 9375
last_update_iteration: 200
current_time: 120.008s
last_update_time: 2.55938s
largest_iteration_offset: 47
stalled_iterations: 9175
path_relink_time: 0s
num_path_relink_calls: 0
num_homogenities: 0
num_best_improvements: 0
num_elite_improvements: 0
num_exchanges: 0
num_shakes: 0
num_resets: 0
