Custom stopping criteria not supplied by the user. Using max. time = 15s and max. stall_offset = 0
Using 1 threads for decoding
initialization time: 0.111228
best warm start solution: 618.811
TSP tour:
0 68 87 5 89 38 41 45 51 52 11 48 30 26 95 47 31 79 59 57 81 94 28 56 20 3 92 65 22 17 91 24 99 83 8 74 85 29 18 54 96 46 14 37 97 35 39 44 32 4 15 70 16 61 64 76 77 50 72 67 71 36 88 13 21 93 53 90 42 69 49 33 78 60 66 82 84 12 40 73 7 62 80 98 86 1 58 27 6 19 23 25 63 2 10 43 9 34 55 75 
Operations:
0,68,45|45,51,52|52,48,30|30,26,95|95,47,31|31,59,57|57,94,28|28,56,20|20,3,65|65,22,17|17,91,24|24,99,83|99,83,8|8,74,85|85,29,18|18,54,46|46,14,37|37,97,35|35,39,44|44,32,4|4,70,16|16,64,76|76,77,50|50,72,67|67,71,36|36,88,13|13,21,93|93,53,90|90,69,49|49,33,78|78,60,66|66,82,12|12,40,73|73,7,62|7,62,80|80,86,1|1,58,27|27,6,19|19,25,63|63,2,10|10,43,9|9,34,55|55,75,0|
method: def_initPop
seed: 2700001
Instance: 1
best_fitness: 532.993
current_iteration: 618
last_update_iteration: 206
current_time: 15.0137s
last_update_time: 4.94634s
largest_iteration_offset: 55
stalled_iterations: 412
path_relink_time: 0s
num_path_relink_calls: 0
num_homogenities: 0
num_best_improvements: 0
num_elite_improvements: 0
num_exchanges: 0
num_shakes: 0
num_resets: 0
