Custom stopping criteria not supplied by the user. Using max. time = 15s and max. stall_offset = 0
Using 1 threads for decoding
initialization time: 0.111084
best warm start solution: 618.811
TSP tour:
0 87 9 5 89 38 48 41 51 45 52 11 30 59 68 26 95 31 79 54 57 94 28 81 20 56 92 3 22 65 91 67 24 99 17 83 74 8 97 85 14 18 29 96 46 37 39 47 35 44 32 15 4 16 61 76 64 50 70 77 71 72 36 88 13 21 93 69 90 49 42 78 60 66 84 33 82 58 40 12 73 53 7 86 80 62 1 98 27 6 19 23 25 63 2 10 43 75 55 34 
Operations:
0,9,5|5,48,41|41,51,52|52,11,30|30,59,68|68,26,95|95,31,79|79,54,57|57,94,28|28,81,20|20,56,92|92,3,65|65,67,99|99,17,83|83,74,8|8,97,85|85,14,18|18,29,46|46,47,44|44,32,15|15,4,16|16,50,70|70,71,72|72,36,88|88,21,93|93,69,90|90,49,78|78,60,66|66,33,82|82,58,40|40,12,73|73,53,7|7,86,80|80,62,1|1,98,27|27,6,19|19,25,63|63,2,10|10,43,75|75,34,0|
method: def_initPop
seed: 8434820
Instance: 1
best_fitness: 530.265
current_iteration: 621
last_update_iteration: 346
current_time: 15.0123s
last_update_time: 8.31512s
largest_iteration_offset: 61
stalled_iterations: 275
path_relink_time: 0s
num_path_relink_calls: 0
num_homogenities: 0
num_best_improvements: 0
num_elite_improvements: 0
num_exchanges: 0
num_shakes: 0
num_resets: 0
