Custom stopping criteria not supplied by the user. Using max. time = 30s and max. stall_offset = 0
Using 1 threads for decoding
initialization time: 0.0287566
best warm start solution: 843.486
TSP tour:
0 6 3 24 40 47 34 21 8 11 22 13 29 26 19 33 27 14 17 18 28 32 39 44 36 16 35 25 43 37 30 5 9 42 38 12 2 41 31 45 15 20 23 49 4 48 46 1 7 10 
Operations:
0,6,3|3,24,40|40,34,22|22,13,29|29,26,19|19,33,27|27,14,17|17,18,28|28,32,39|39,44,36|36,16,35|35,25,43|43,37,30|30,5,9|9,42,38|38,12,2|2,41,31|31,45,15|15,20,7|7,10,0|
method: def_initPop
seed: 297720
Instance: 1
best_fitness: 738.043
current_iteration: 2393
last_update_iteration: 254
current_time: 30.0104s
last_update_time: 3.16825s
largest_iteration_offset: 47
stalled_iterations: 2139
path_relink_time: 0s
num_path_relink_calls: 0
num_homogenities: 0
num_best_improvements: 0
num_elite_improvements: 0
num_exchanges: 0
num_shakes: 0
num_resets: 0
