Custom stopping criteria not supplied by the user. Using max. time = 240s and max. stall_offset = 0
Using 1 threads for decoding
initialization time: 0.110384
best warm start solution: 1437.58
TSP tour:
0 72 13 56 76 74 46 65 27 26 11 66 35 40 83 28 77 81 64 95 60 25 1 44 75 34 2 62 8 24 73 6 85 49 9 78 82 98 93 69 42 38 96 68 32 36 94 51 61 48 41 58 37 5 50 99 70 43 18 67 14 10 33 52 54 30 53 29 59 7 90 47 86 17 31 91 92 87 4 15 39 3 80 20 45 89 97 23 19 55 71 16 88 63 21 79 12 57 84 22 
Operations:
0,13,65|65,62,8|8,73,85|85,9,82|49,9,98|98,69,38|93,69,96|96,36,58|58,99,10|10,52,54|54,53,20|20,88,63|63,79,12|12,22,0|
method: def_initPop
seed: 1764168
Instance: 1
best_fitness: 1437.58
current_iteration: 4224
last_update_iteration: 1
current_time: 240.011s
last_update_time: 0.0439851s
largest_iteration_offset: 1
stalled_iterations: 4223
path_relink_time: 0s
num_path_relink_calls: 0
num_homogenities: 0
num_best_improvements: 0
num_elite_improvements: 0
num_exchanges: 0
num_shakes: 0
num_resets: 0
