Custom stopping criteria not supplied by the user. Using max. time = 120s and max. stall_offset = 0
Using 1 threads for decoding
initialization time: 0.0371733
best warm start solution: 825.184
TSP tour:
0 25 10 48 1 33 9 32 2 37 34 43 31 7 45 42 15 36 21 11 47 23 13 17 26 39 14 35 5 3 20 41 16 46 12 4 28 6 44 22 40 27 19 18 29 24 8 38 49 30 
Operations:
0,25,10|10,1,33|33,2,34|34,43,31|31,45,42|42,36,21|21,11,47|47,23,13|13,17,26|26,39,14|14,35,5|5,3,16|16,46,4|4,28,6|6,40,27|27,19,18|18,29,24|24,8,38|38,49,0|
method: def_initPop
seed: 297720
Instance: 1
best_fitness: 691.767
current_iteration: 9521
last_update_iteration: 203
current_time: 120.003s
last_update_time: 2.56493s
largest_iteration_offset: 47
stalled_iterations: 9318
path_relink_time: 0s
num_path_relink_calls: 0
num_homogenities: 0
num_best_improvements: 0
num_elite_improvements: 0
num_exchanges: 0
num_shakes: 0
num_resets: 0
