Custom stopping criteria not supplied by the user. Using max. time = 15s and max. stall_offset = 0
Using 1 threads for decoding
initialization time: 0.0709649
best warm start solution: 559.121
TSP tour:
0 61 28 46 25 26 68 3 22 67 71 55 8 59 70 17 41 31 45 39 36 49 47 73 60 15 23 57 1 32 64 65 14 58 13 19 7 11 74 69 34 42 51 20 6 24 30 52 66 72 53 56 37 40 29 9 62 27 63 43 12 4 50 33 18 48 16 10 38 2 54 21 5 35 44 
Operations:
0,28,25|25,3,22|22,71,8|8,59,70|70,17,41|41,31,45|45,39,36|36,47,60|60,15,23|23,57,64|64,65,14|14,13,19|19,7,11|11,74,69|69,34,42|42,20,24|24,30,52|52,66,72|72,56,37|37,40,27|27,63,4|4,50,18|18,48,10|10,38,2|2,54,21|21,5,35|5,35,44|44,-1,0|
method: def_initPop
seed: 1764168
Instance: 1
best_fitness: 508.957
current_iteration: 686
last_update_iteration: 258
current_time: 15.0002s
last_update_time: 5.59424s
largest_iteration_offset: 134
stalled_iterations: 428
path_relink_time: 0s
num_path_relink_calls: 0
num_homogenities: 0
num_best_improvements: 0
num_elite_improvements: 0
num_exchanges: 0
num_shakes: 0
num_resets: 0
