Custom stopping criteria not supplied by the user. Using max. time = 15s and max. stall_offset = 0
Using 1 threads for decoding
initialization time: 0.0710415
best warm start solution: 559.121
TSP tour:
0 61 46 28 26 25 68 20 22 67 59 55 8 17 70 41 45 39 31 57 49 36 73 15 23 1 60 32 47 65 64 14 40 58 19 11 74 69 30 42 34 71 51 6 3 24 52 66 7 13 72 56 53 37 9 29 62 27 63 12 43 4 33 18 50 16 48 10 38 2 54 21 5 44 35 
Operations:
0,28,26|26,25,68|68,20,67|67,59,8|8,17,41|41,39,31|31,49,36|36,73,23|23,60,32|32,47,14|14,40,11|11,74,69|69,30,42|42,71,51|51,3,52|52,66,7|7,56,53|53,37,9|9,29,62|62,63,12|12,43,4|4,18,50|33,50,16|16,48,10|10,38,2|2,54,21|21,44,35|5,35,0|
method: def_initPop
seed: 7515072
Instance: 1
best_fitness: 500.672
current_iteration: 689
last_update_iteration: 269
current_time: 15.0063s
last_update_time: 5.81348s
largest_iteration_offset: 103
stalled_iterations: 420
path_relink_time: 0s
num_path_relink_calls: 0
num_homogenities: 0
num_best_improvements: 0
num_elite_improvements: 0
num_exchanges: 0
num_shakes: 0
num_resets: 0
