Custom stopping criteria not supplied by the user. Using max. time = 120s and max. stall_offset = 0
Using 1 threads for decoding
initialization time: 0.0349744
best warm start solution: 487.641
TSP tour:
0 13 56 49 24 47 33 53 26 30 71 45 73 65 50 6 27 46 39 44 63 21 3 5 18 74 38 32 1 15 57 11 51 41 43 35 48 16 66 72 17 34 8 60 42 69 54 2 40 68 20 19 31 67 59 61 9 10 64 29 36 4 58 22 23 55 7 12 37 14 62 28 25 52 70 
Operations:
0,13,56|56,49,24|24,47,33|33,53,26|53,26,30|30,71,73|73,50,6|6,27,44|44,63,3|3,5,18|5,18,74|74,38,32|32,1,15|15,57,11|11,51,41|41,43,35|35,16,66|66,72,17|17,60,42|42,69,54|54,2,40|40,68,20|20,19,31|19,31,67|67,61,9|9,10,64|64,29,36|36,4,58|58,22,23|23,55,7|7,12,14|14,62,28|28,25,52|52,70,0|
method: def_initPop
seed: 2700001
Instance: 1
best_fitness: 456.257
current_iteration: 5623
last_update_iteration: 156
current_time: 120.02s
last_update_time: 3.28966s
largest_iteration_offset: 73
stalled_iterations: 5467
path_relink_time: 0s
num_path_relink_calls: 0
num_homogenities: 0
num_best_improvements: 0
num_elite_improvements: 0
num_exchanges: 0
num_shakes: 0
num_resets: 0
