Custom stopping criteria not supplied by the user. Using max. time = 15s and max. stall_offset = 0
Using 1 threads for decoding
initialization time: 0.0691788
best warm start solution: 1263.17
TSP tour:
0 24 44 29 39 87 45 85 15 10 77 22 12 14 97 17 46 90 30 33 25 95 53 59 55 18 49 64 2 42 58 8 71 40 94 16 76 65 35 88 56 86 32 36 79 43 37 6 54 92 47 74 73 7 75 51 41 82 80 83 52 60 3 81 19 9 78 20 99 27 34 50 68 98 13 57 62 63 84 28 48 89 38 93 72 61 91 96 70 11 21 23 1 66 69 4 67 26 31 5 
Operations:
0,24,29|29,39,87|39,87,45|45,85,10|10,77,22|22,12,97|97,17,46|17,46,90|90,30,25|25,95,59|59,55,18|18,58,36|36,79,74|74,73,7|7,51,41|41,83,52|52,60,3|3,19,78|78,27,34|34,68,98|98,13,62|62,72,61|61,91,96|96,70,11|11,21,4|4,26,31|31,5,0|
method: def_initPop
seed: 2700001
Instance: 1
best_fitness: 1135.72
current_iteration: 477
last_update_iteration: 303
current_time: 15.006s
last_update_time: 9.34923s
largest_iteration_offset: 81
stalled_iterations: 174
path_relink_time: 0s
num_path_relink_calls: 0
num_homogenities: 0
num_best_improvements: 0
num_elite_improvements: 0
num_exchanges: 0
num_shakes: 0
num_resets: 0
