Custom stopping criteria not supplied by the user. Using max. time = 60s and max. stall_offset = 0
Using 1 threads for decoding
initialization time: 0.0249658
best warm start solution: 419.131
TSP tour:
0 4 35 3 5 18 22 14 20 7 39 43 31 15 21 11 25 47 6 16 49 29 46 28 26 1 45 48 40 9 38 10 8 24 36 41 37 34 30 32 17 33 12 42 2 19 44 23 27 13 
Operations:
0,4,35|35,22,14|14,20,7|7,31,21|21,11,47|47,6,16|16,49,29|29,46,28|28,26,1|1,45,40|40,9,10|10,24,36|36,41,37|37,30,32|32,17,33|33,12,2|2,13,0|
method: def_initPop
seed: 8434820
Instance: 1
best_fitness: 371.753
current_iteration: 4650
last_update_iteration: 144
current_time: 60.0087s
last_update_time: 1.84891s
largest_iteration_offset: 61
stalled_iterations: 4506
path_relink_time: 0s
num_path_relink_calls: 0
num_homogenities: 0
num_best_improvements: 0
num_elite_improvements: 0
num_exchanges: 0
num_shakes: 0
num_resets: 0
