Custom stopping criteria not supplied by the user. Using max. time = 15s and max. stall_offset = 0
Using 1 threads for decoding
initialization time: 0.0672761
best warm start solution: 559.121
TSP tour:
0 61 46 25 26 68 71 22 17 67 55 59 8 70 41 20 45 31 57 36 39 49 73 47 60 23 1 15 32 65 64 40 14 19 58 7 13 11 74 69 34 42 51 6 24 30 28 52 66 3 72 56 53 29 37 9 62 27 63 43 12 4 33 50 18 48 16 10 38 2 54 21 5 35 44 
Operations:
0,61,46|46,25,26|26,71,22|22,17,55|55,59,8|8,70,41|41,20,45|45,31,57|31,57,36|36,39,49|49,47,23|23,15,32|32,65,64|64,40,14|14,19,58|58,13,11|11,74,69|69,34,42|42,51,6|6,28,52|52,3,72|72,56,29|29,37,27|27,63,4|4,33,50|33,50,18|18,48,10|10,38,2|2,54,21|21,5,35|5,35,44|44,-1,0|
method: def_initPop
seed: 297720
Instance: 1
best_fitness: 498.795
current_iteration: 694
last_update_iteration: 120
current_time: 15.0129s
last_update_time: 2.56283s
largest_iteration_offset: 42
stalled_iterations: 574
path_relink_time: 0s
num_path_relink_calls: 0
num_homogenities: 0
num_best_improvements: 0
num_elite_improvements: 0
num_exchanges: 0
num_shakes: 0
num_resets: 0
