Custom stopping criteria not supplied by the user. Using max. time = 240s and max. stall_offset = 0
Using 1 threads for decoding
initialization time: 0.04388
best warm start solution: 555.174
TSP tour:
0 13 56 70 24 49 47 33 53 26 71 30 45 73 65 27 50 6 46 39 44 21 63 3 5 74 18 38 1 32 15 51 11 57 41 35 43 16 72 48 66 60 34 17 8 42 69 54 2 40 31 68 20 19 67 61 59 9 10 64 29 36 4 58 22 23 12 55 7 37 28 14 62 25 52 
Operations:
0,13,24|24,47,71|49,47,30|30,27,50|50,6,63|63,38,15|15,57,41|41,16,66|66,60,42|42,69,54|54,68,20|20,19,67|67,61,36|36,58,22|22,12,7|7,14,62|62,52,0|
method: def_initPop
seed: 1764168
Instance: 1
best_fitness: 555.174
current_iteration: 6463
last_update_iteration: 1
current_time: 240.012s
last_update_time: 0.0322362s
largest_iteration_offset: 1
stalled_iterations: 6462
path_relink_time: 0s
num_path_relink_calls: 0
num_homogenities: 0
num_best_improvements: 0
num_elite_improvements: 0
num_exchanges: 0
num_shakes: 0
num_resets: 0
