Custom stopping criteria not supplied by the user. Using max. time = 30s and max. stall_offset = 0
Using 1 threads for decoding
initialization time: 0.0563426
best warm start solution: 1149.01
TSP tour:
0 5 46 45 12 4 31 39 13 49 2 69 44 65 3 60 25 66 38 55 27 47 16 41 57 50 71 7 30 42 22 14 58 63 64 21 28 74 59 24 36 73 52 33 43 6 56 32 8 53 26 68 40 37 35 18 29 70 72 51 15 10 34 19 1 23 48 20 17 9 61 54 62 11 67 
Operations:
0,13,69|69,38,16|16,74,6|6,32,37|37,18,29|29,70,15|15,10,9|9,67,0|
method: def_initPop
seed: 1764168
Instance: 1
best_fitness: 1142.21
current_iteration: 697
last_update_iteration: 104
current_time: 30.0363s
last_update_time: 4.17964s
largest_iteration_offset: 86
stalled_iterations: 593
path_relink_time: 0s
num_path_relink_calls: 0
num_homogenities: 0
num_best_improvements: 0
num_elite_improvements: 0
num_exchanges: 0
num_shakes: 0
num_resets: 0
