Custom stopping criteria not supplied by the user. Using max. time = 30s and max. stall_offset = 0
Using 1 threads for decoding
initialization time: 0.0568564
best warm start solution: 1149.01
TSP tour:
0 67 5 46 45 12 4 31 39 49 2 69 38 44 65 3 60 66 25 55 32 27 47 16 41 50 57 71 7 30 14 22 42 58 63 64 21 13 28 74 59 24 36 73 52 33 43 6 56 8 53 26 68 40 37 35 18 29 70 72 51 15 10 34 19 48 23 1 20 17 9 61 54 62 11 
Operations:
0,39,49|49,2,25|25,32,63|63,13,68|68,35,18|18,70,51|51,10,17|17,9,11|11,-1,0|
method: def_initPop
seed: 8434820
Instance: 1
best_fitness: 1140.15
current_iteration: 676
last_update_iteration: 169
current_time: 30.0074s
last_update_time: 7.01331s
largest_iteration_offset: 110
stalled_iterations: 507
path_relink_time: 0s
num_path_relink_calls: 0
num_homogenities: 0
num_best_improvements: 0
num_elite_improvements: 0
num_exchanges: 0
num_shakes: 0
num_resets: 0
