Custom stopping criteria not supplied by the user. Using max. time = 15s and max. stall_offset = 0
Using 1 threads for decoding
initialization time: 0.0560383
best warm start solution: 516.775
TSP tour:
0 40 44 33 9 28 12 32 15 19 24 6 29 10 3 11 5 2 35 45 8 37 41 23 48 34 22 46 43 26 13 42 47 7 39 20 27 38 21 17 30 31 16 25 18 49 14 36 4 1 
Operations:
0,40,44|44,33,9|9,12,32|32,15,24|24,10,3|3,5,2|2,35,37|37,41,23|41,23,48|48,22,43|43,26,13|13,47,27|42,47,38|38,21,0|
method: def_initPop
seed: 8434820
Instance: 1
best_fitness: 463.636
current_iteration: 1106
last_update_iteration: 634
current_time: 15.0021s
last_update_time: 8.58955s
largest_iteration_offset: 308
stalled_iterations: 472
path_relink_time: 0s
num_path_relink_calls: 0
num_homogenities: 0
num_best_improvements: 0
num_elite_improvements: 0
num_exchanges: 0
num_shakes: 0
num_resets: 0
