Custom stopping criteria not supplied by the user. Using max. time = 60s and max. stall_offset = 0
Using 1 threads for decoding
initialization time: 0.0395352
best warm start solution: 771.23
TSP tour:
0 4 5 21 49 36 28 35 1 17 13 8 39 41 27 47 48 25 2 19 43 11 18 24 44 46 33 9 7 42 34 32 38 6 31 15 22 45 16 26 29 14 30 37 12 20 23 40 3 10 
Operations:
0,4,5|4,5,21|21,49,36|36,35,17|17,13,39|39,41,27|41,27,47|47,48,25|25,2,19|19,43,11|11,18,24|24,44,46|46,33,9|9,7,42|42,34,32|32,38,6|6,31,15|15,22,45|22,45,16|16,26,29|29,14,30|30,37,12|12,20,23|20,23,40|40,10,0|
method: def_initPop
seed: 8434820
Instance: 1
best_fitness: 693.638
current_iteration: 4847
last_update_iteration: 167
current_time: 60.0002s
last_update_time: 2.07803s
largest_iteration_offset: 39
stalled_iterations: 4680
path_relink_time: 0s
num_path_relink_calls: 0
num_homogenities: 0
num_best_improvements: 0
num_elite_improvements: 0
num_exchanges: 0
num_shakes: 0
num_resets: 0
