Custom stopping criteria not supplied by the user. Using max. time = 30s and max. stall_offset = 0
Using 1 threads for decoding
initialization time: 0.045874
best warm start solution: 756.02
TSP tour:
0 2 15 4 28 8 17 27 53 18 36 20 40 39 42 68 11 64 49 45 9 63 3 5 46 26 65 59 52 55 7 70 74 69 25 33 62 56 21 37 60 50 19 72 48 1 43 31 23 24 12 30 47 35 57 73 38 66 44 16 54 29 34 71 6 58 10 67 61 41 51 14 32 22 13 
Operations:
0,15,4|4,28,17|17,27,53|53,18,36|18,20,40|40,39,42|42,68,11|11,64,5|5,46,26|26,65,59|59,70,74|74,69,25|25,33,62|62,56,50|50,12,66|66,44,16|16,29,6|6,22,0|
method: def_initPop
seed: 2700001
Instance: 1
best_fitness: 639.963
current_iteration: 1427
last_update_iteration: 333
current_time: 30.0091s
last_update_time: 6.76327s
largest_iteration_offset: 77
stalled_iterations: 1094
path_relink_time: 0s
num_path_relink_calls: 0
num_homogenities: 0
num_best_improvements: 0
num_elite_improvements: 0
num_exchanges: 0
num_shakes: 0
num_resets: 0
