Custom stopping criteria not supplied by the user. Using max. time = 120s and max. stall_offset = 0
Using 1 threads for decoding
initialization time: 0.0259614
best warm start solution: 477.251
TSP tour:
0 34 19 23 35 28 22 37 9 1 5 44 25 48 2 42 45 40 26 33 12 10 17 27 39 3 32 47 36 7 29 20 8 15 38 31 46 13 6 21 11 24 43 30 16 41 14 4 18 49 
Operations:
0,34,19|19,23,35|35,28,22|22,37,9|9,1,5|5,44,25|25,48,2|48,2,42|42,45,40|40,26,33|33,17,27|27,39,3|3,32,47|47,36,7|7,29,8|8,38,31|31,46,13|13,6,21|21,11,24|24,43,30|30,16,41|41,14,4|4,49,0|
method: def_initPop
seed: 297720
Instance: 1
best_fitness: 379.262
current_iteration: 10170
last_update_iteration: 512
current_time: 120.009s
last_update_time: 6.00868s
largest_iteration_offset: 324
stalled_iterations: 9658
path_relink_time: 0s
num_path_relink_calls: 0
num_homogenities: 0
num_best_improvements: 0
num_elite_improvements: 0
num_exchanges: 0
num_shakes: 0
num_resets: 0
