Custom stopping criteria not supplied by the user. Using max. time = 60s and max. stall_offset = 0
Using 1 threads for decoding
initialization time: 0.0187522
best warm start solution: 523.367
TSP tour:
0 4 13 45 3 43 31 18 23 16 39 48 12 19 2 6 1 46 36 11 9 10 5 24 27 14 17 34 40 41 28 20 37 44 25 42 26 7 35 47 30 29 33 8 15 49 21 38 32 22 
Operations:
0,45,3|3,43,16|16,6,1|1,11,27|27,34,41|41,20,7|7,29,33|33,49,38|38,22,0|
method: def_initPop
seed: 1764168
Instance: 1
best_fitness: 506.181
current_iteration: 3235
last_update_iteration: 126
current_time: 60.0111s
last_update_time: 2.31364s
largest_iteration_offset: 56
stalled_iterations: 3109
path_relink_time: 0s
num_path_relink_calls: 0
num_homogenities: 0
num_best_improvements: 0
num_elite_improvements: 0
num_exchanges: 0
num_shakes: 0
num_resets: 0
