Custom stopping criteria not supplied by the user. Using max. time = 60s and max. stall_offset = 0
Using 1 threads for decoding
initialization time: 0.022514
best warm start solution: 523.367
TSP tour:
0 4 13 45 3 43 31 18 23 16 39 48 19 12 2 1 46 10 36 9 5 24 6 11 27 14 17 34 40 41 28 37 44 25 42 26 20 7 35 47 30 29 33 8 15 49 21 38 22 32 
Operations:
0,45,3|3,43,16|16,19,12|12,10,5|5,11,14|14,34,41|41,20,7|7,29,33|33,49,38|38,32,0|
method: def_initPop
seed: 8434820
Instance: 1
best_fitness: 506.865
current_iteration: 3236
last_update_iteration: 395
current_time: 60.0005s
last_update_time: 7.32043s
largest_iteration_offset: 264
stalled_iterations: 2841
path_relink_time: 0s
num_path_relink_calls: 0
num_homogenities: 0
num_best_improvements: 0
num_elite_improvements: 0
num_exchanges: 0
num_shakes: 0
num_resets: 0
