Custom stopping criteria not supplied by the user. Using max. time = 15s and max. stall_offset = 0
Using 1 threads for decoding
initialization time: 0.0370117
best warm start solution: 516.775
TSP tour:
0 2 44 11 9 6 32 19 24 28 12 18 49 25 15 17 30 31 16 45 14 36 4 46 8 34 48 41 37 23 22 43 26 13 42 39 20 47 7 27 38 10 29 21 3 5 35 33 40 1 
Operations:
0,2,44|44,11,9|9,6,19|19,24,28|28,49,25|25,45,36|36,8,41|41,37,23|23,22,43|43,26,13|13,47,27|27,10,29|29,21,5|5,35,0|
method: def_initPop
seed: 1764168
Instance: 1
best_fitness: 457.888
current_iteration: 1101
last_update_iteration: 221
current_time: 15.0017s
last_update_time: 3.00043s
largest_iteration_offset: 42
stalled_iterations: 880
path_relink_time: 0s
num_path_relink_calls: 0
num_homogenities: 0
num_best_improvements: 0
num_elite_improvements: 0
num_exchanges: 0
num_shakes: 0
num_resets: 0
