Custom stopping criteria not supplied by the user. Using max. time = 15s and max. stall_offset = 0
Using 1 threads for decoding
initialization time: 0.0176644
best warm start solution: 571.253
TSP tour:
0 21 41 19 42 20 37 23 31 11 15 33 32 35 6 24 22 46 49 4 44 38 39 45 16 25 9 43 7 26 1 18 30 29 14 3 10 48 13 12 2 17 40 36 47 28 8 34 5 27 
Operations:
0,41,19|19,42,20|20,37,23|23,31,11|11,15,33|33,32,35|35,6,24|24,22,46|46,49,4|4,44,38|38,39,45|45,16,25|25,43,7|7,26,1|1,18,30|30,29,14|14,3,13|13,12,17|17,40,36|36,47,28|28,8,34|34,5,0|
method: def_initPop
seed: 1764168
Instance: 1
best_fitness: 492.49
current_iteration: 1253
last_update_iteration: 152
current_time: 15.0004s
last_update_time: 1.81669s
largest_iteration_offset: 39
stalled_iterations: 1101
path_relink_time: 0s
num_path_relink_calls: 0
num_homogenities: 0
num_best_improvements: 0
num_elite_improvements: 0
num_exchanges: 0
num_shakes: 0
num_resets: 0
