Custom stopping criteria not supplied by the user. Using max. time = 15s and max. stall_offset = 0
Using 1 threads for decoding
initialization time: 0.0244923
best warm start solution: 571.253
TSP tour:
0 12 21 19 42 36 20 37 23 31 11 15 33 32 35 49 24 22 46 6 4 44 38 39 45 16 25 43 9 26 7 3 1 30 29 14 13 48 10 17 18 2 40 28 5 47 8 34 27 41 
Operations:
0,12,19|19,36,20|20,37,23|23,31,11|11,15,33|33,32,35|35,49,24|24,22,46|46,6,4|4,44,38|38,39,45|45,16,25|25,43,9|9,26,7|7,3,30|30,29,14|14,17,18|18,2,40|40,5,47|47,8,34|34,41,0|
method: def_initPop
seed: 7515072
Instance: 1
best_fitness: 485.343
current_iteration: 1255
last_update_iteration: 217
current_time: 15.007s
last_update_time: 2.59798s
largest_iteration_offset: 46
stalled_iterations: 1038
path_relink_time: 0s
num_path_relink_calls: 0
num_homogenities: 0
num_best_improvements: 0
num_elite_improvements: 0
num_exchanges: 0
num_shakes: 0
num_resets: 0
