Custom stopping criteria not supplied by the user. Using max. time = 30s and max. stall_offset = 0
Using 1 threads for decoding
initialization time: 0.0536181
best warm start solution: 534.81
TSP tour:
0 32 13 44 42 51 26 52 22 2 74 49 66 40 19 58 64 15 17 46 56 37 65 47 29 28 54 39 4 30 7 34 48 20 43 53 71 38 67 72 31 12 6 70 3 61 23 60 5 25 11 50 73 69 18 62 41 45 57 21 59 14 55 16 36 9 35 8 10 1 27 24 68 33 63 
Operations:
0,13,44|44,51,26|26,52,22|22,2,49|49,66,40|40,19,58|58,64,15|15,17,56|56,37,65|65,47,29|29,54,39|39,4,30|30,7,48|48,20,43|43,53,71|71,38,67|67,72,31|31,12,6|6,70,3|3,61,23|23,60,5|5,25,11|11,50,73|73,69,18|18,62,41|41,45,57|57,21,59|59,14,55|55,36,35|35,8,10|10,1,27|27,24,33|33,63,0|
method: def_initPop
seed: 2700001
Instance: 1
best_fitness: 434.84
current_iteration: 1578
last_update_iteration: 223
current_time: 30.0165s
last_update_time: 4.19904s
largest_iteration_offset: 37
stalled_iterations: 1355
path_relink_time: 0s
num_path_relink_calls: 0
num_homogenities: 0
num_best_improvements: 0
num_elite_improvements: 0
num_exchanges: 0
num_shakes: 0
num_resets: 0
