Custom stopping criteria not supplied by the user. Using max. time = 240s and max. stall_offset = 0
Using 1 threads for decoding
initialization time: 0.0292713
best warm start solution: 1101.01
TSP tour:
0 3 19 22 41 10 25 31 18 48 36 24 34 26 11 17 27 8 39 37 40 16 4 7 28 20 15 23 47 35 21 38 14 44 33 1 46 2 12 32 42 29 45 30 5 6 43 9 49 13 
Operations:
0,3,10|10,48,34|34,11,27|27,40,35|35,21,46|46,45,43|43,9,0|
method: def_initPop
seed: 1764168
Instance: 1
best_fitness: 1089.03
current_iteration: 11902
last_update_iteration: 96
current_time: 240.017s
last_update_time: 1.85475s
largest_iteration_offset: 57
stalled_iterations: 11806
path_relink_time: 0s
num_path_relink_calls: 0
num_homogenities: 0
num_best_improvements: 0
num_elite_improvements: 0
num_exchanges: 0
num_shakes: 0
num_resets: 0
