Custom stopping criteria not supplied by the user. Using max. time = 240s and max. stall_offset = 0
Using 1 threads for decoding
initialization time: 0.125362
best warm start solution: 826.535
TSP tour:
0 80 28 95 74 8 98 19 99 89 85 33 69 48 93 10 7 23 13 31 2 22 21 50 77 14 67 65 82 32 96 1 53 45 9 51 17 15 43 12 78 66 84 60 97 27 46 26 57 37 11 86 25 55 47 40 39 70 36 41 49 87 73 90 38 88 29 64 54 91 59 72 42 68 30 44 81 83 58 79 71 76 24 18 6 56 34 20 75 16 3 63 94 92 35 4 62 5 52 61 
Operations:
0,80,28|28,95,74|74,8,98|98,19,99|99,89,85|85,33,69|69,93,10|10,7,23|23,13,31|31,2,22|22,50,77|77,14,67|67,65,82|82,32,96|96,1,53|53,45,9|9,51,17|17,15,43|43,12,78|78,66,60|60,97,26|26,57,37|37,86,25|25,55,47|47,40,70|70,36,41|41,49,87|87,73,90|90,64,54|54,42,68|68,30,44|44,81,83|83,58,79|79,71,76|76,24,18|18,6,56|56,20,75|75,16,94|94,92,62|62,5,61|61,-1,0|
method: def_initPop
seed: 297720
Instance: 1
best_fitness: 647.561
current_iteration: 9653
last_update_iteration: 258
current_time: 240.005s
last_update_time: 6.30537s
largest_iteration_offset: 61
stalled_iterations: 9395
path_relink_time: 0s
num_path_relink_calls: 0
num_homogenities: 0
num_best_improvements: 0
num_elite_improvements: 0
num_exchanges: 0
num_shakes: 0
num_resets: 0
