Custom stopping criteria not supplied by the user. Using max. time = 15s and max. stall_offset = 0
Using 1 threads for decoding
initialization time: 0.0444736
best warm start solution: 790.126
TSP tour:
0 12 6 23 69 4 39 8 37 36 31 10 44 13 70 41 59 63 62 17 72 46 1 57 24 65 73 52 22 14 61 42 27 71 58 51 9 33 3 26 45 47 66 34 5 53 2 15 67 48 64 49 50 35 60 38 28 20 18 74 7 30 29 25 54 19 32 40 68 43 55 11 21 16 56 
Operations:
0,12,6|6,23,69|69,4,39|39,8,37|37,31,13|13,70,41|41,59,63|63,17,1|1,57,65|65,73,52|52,22,14|14,61,27|27,71,51|51,9,26|26,45,66|66,34,5|5,2,15|15,67,48|48,49,50|50,60,38|38,28,20|20,18,74|74,7,30|30,25,54|54,19,32|32,40,68|68,55,11|11,21,16|16,56,0|
method: def_initPop
seed: 1764168
Instance: 1
best_fitness: 600.374
current_iteration: 760
last_update_iteration: 447
current_time: 15.0052s
last_update_time: 8.80102s
largest_iteration_offset: 37
stalled_iterations: 313
path_relink_time: 0s
num_path_relink_calls: 0
num_homogenities: 0
num_best_improvements: 0
num_elite_improvements: 0
num_exchanges: 0
num_shakes: 0
num_resets: 0
