Custom stopping criteria not supplied by the user. Using max. time = 15s and max. stall_offset = 0
Using 1 threads for decoding
initialization time: 0.0445584
best warm start solution: 790.126
TSP tour:
0 12 6 23 69 4 39 37 31 36 62 13 10 44 59 2 41 70 63 72 46 1 24 65 52 14 61 73 22 42 71 27 58 9 51 33 3 45 47 26 66 34 5 53 67 15 64 48 50 49 35 60 38 28 20 18 74 7 30 29 8 54 19 32 40 68 55 43 11 21 16 57 17 56 25 
Operations:
0,12,6|6,23,69|69,4,39|39,31,36|36,62,13|13,2,41|41,70,63|63,61,73|73,22,42|42,71,27|27,9,3|3,45,47|47,26,66|66,34,5|5,53,67|53,67,15|15,64,48|48,49,35|35,60,20|20,18,74|74,7,30|30,8,54|54,19,32|32,40,68|68,55,11|11,21,16|16,57,17|17,25,0|
method: def_initPop
seed: 7515072
Instance: 1
best_fitness: 608.234
current_iteration: 765
last_update_iteration: 449
current_time: 15.0194s
last_update_time: 8.83014s
largest_iteration_offset: 229
stalled_iterations: 316
path_relink_time: 0s
num_path_relink_calls: 0
num_homogenities: 0
num_best_improvements: 0
num_elite_improvements: 0
num_exchanges: 0
num_shakes: 0
num_resets: 0
