Custom stopping criteria not supplied by the user. Using max. time = 15s and max. stall_offset = 0
Using 1 threads for decoding
initialization time: 0.0665822
best warm start solution: 554.45
TSP tour:
0 86 92 56 32 54 34 7 44 15 24 96 53 25 73 23 37 55 36 94 19 61 65 18 60 38 87 90 80 50 11 26 39 89 84 95 75 63 41 4 69 1 64 3 33 83 21 30 47 74 76 35 5 43 17 67 99 9 10 93 58 97 62 71 66 81 31 77 40 79 22 14 78 29 85 12 48 42 8 16 28 27 68 88 20 82 52 13 72 70 91 2 57 49 98 59 46 45 6 51 
Operations:
0,86,92|92,56,32|56,32,54|54,34,44|44,15,24|24,96,25|25,73,23|23,37,55|37,36,94|94,61,65|65,18,60|60,38,87|87,90,80|80,50,11|50,11,26|26,39,89|89,84,95|95,75,41|41,69,1|1,64,3|3,83,21|21,30,47|47,76,35|35,5,43|43,17,67|67,99,93|93,58,97|97,62,71|71,66,81|81,31,77|31,77,40|40,79,22|22,14,78|78,29,85|85,12,48|48,42,16|16,28,27|27,68,88|88,20,82|82,13,72|72,70,57|57,49,98|98,59,46|46,45,0|
method: def_initPop
seed: 297720
Instance: 1
best_fitness: 494.82
current_iteration: 617
last_update_iteration: 399
current_time: 15.0004s
last_update_time: 9.63876s
largest_iteration_offset: 76
stalled_iterations: 218
path_relink_time: 0s
num_path_relink_calls: 0
num_homogenities: 0
num_best_improvements: 0
num_elite_improvements: 0
num_exchanges: 0
num_shakes: 0
num_resets: 0
