Custom stopping criteria not supplied by the user. Using max. time = 15s and max. stall_offset = 0
Using 1 threads for decoding
initialization time: 0.0684278
best warm start solution: 612.381
TSP tour:
0 43 81 59 52 86 10 77 92 95 22 46 41 1 47 42 17 18 88 93 58 74 75 60 21 29 85 96 73 66 50 16 90 69 80 65 14 79 2 30 45 23 32 82 24 36 44 91 63 54 13 19 34 48 62 56 8 9 28 26 71 99 51 94 98 35 40 12 67 55 64 70 83 33 15 39 84 53 72 20 57 31 49 61 3 76 5 25 78 89 6 7 38 27 4 11 87 68 97 37 
Operations:
0,43,81|43,81,59|59,52,86|86,77,92|92,95,22|22,46,41|41,1,17|17,18,88|88,93,58|58,74,75|75,21,29|29,96,73|73,66,90|90,65,14|14,2,30|30,23,32|32,82,24|24,36,91|91,54,13|13,19,34|19,34,48|48,62,56|56,8,28|28,99,51|51,40,67|67,55,70|70,83,33|33,15,39|39,84,53|53,72,20|20,57,31|31,49,61|61,3,76|76,5,78|78,89,6|6,7,38|38,27,4|4,11,87|87,68,97|68,37,0|
method: def_initPop
seed: 297720
Instance: 1
best_fitness: 547.975
current_iteration: 543
last_update_iteration: 360
current_time: 15.0281s
last_update_time: 9.89074s
largest_iteration_offset: 120
stalled_iterations: 183
path_relink_time: 0s
num_path_relink_calls: 0
num_homogenities: 0
num_best_improvements: 0
num_elite_improvements: 0
num_exchanges: 0
num_shakes: 0
num_resets: 0
