Custom stopping criteria not supplied by the user. Using max. time = 15s and max. stall_offset = 0
Using 1 threads for decoding
initialization time: 0.0684576
best warm start solution: 612.381
TSP tour:
0 81 59 52 86 77 10 92 95 22 46 41 47 17 42 18 58 88 93 74 1 75 60 21 85 29 73 96 50 16 90 66 69 80 14 65 79 30 23 45 2 32 36 82 24 91 83 44 63 13 19 8 48 34 62 56 99 9 71 28 26 51 94 40 98 12 67 70 64 35 55 33 54 15 84 39 72 53 57 20 49 31 61 3 25 5 76 78 89 6 7 38 37 4 27 87 68 11 97 43 
Operations:
0,81,59|59,52,86|86,77,92|92,95,22|22,46,41|41,17,42|42,18,58|58,88,93|93,1,60|60,21,85|85,29,73|73,96,16|16,66,14|14,65,79|79,23,45|45,2,36|36,82,24|24,83,63|63,8,34|34,62,56|56,99,71|71,40,98|98,12,67|67,70,64|64,35,33|33,54,15|15,84,39|39,72,53|53,57,20|20,49,31|31,61,3|61,3,25|25,5,78|78,89,6|6,7,38|38,37,4|4,27,87|87,11,97|97,43,0|
method: def_initPop
seed: 8434820
Instance: 1
best_fitness: 547.105
current_iteration: 541
last_update_iteration: 295
current_time: 15.0115s
last_update_time: 8.11134s
largest_iteration_offset: 68
stalled_iterations: 246
path_relink_time: 0s
num_path_relink_calls: 0
num_homogenities: 0
num_best_improvements: 0
num_elite_improvements: 0
num_exchanges: 0
num_shakes: 0
num_resets: 0
