Custom stopping criteria not supplied by the user. Using max. time = 60s and max. stall_offset = 0
Using 1 threads for decoding
initialization time: 0.0194494
best warm start solution: 478.47
TSP tour:
0 19 23 35 28 1 22 9 37 5 34 44 25 48 2 42 45 40 33 26 12 10 27 17 3 39 32 47 36 7 20 8 29 15 21 31 46 13 38 6 11 24 43 30 41 16 49 14 4 18 
Operations:
0,19,23|23,35,28|28,1,22|22,37,5|5,34,48|48,2,42|42,45,40|40,33,26|26,17,39|39,32,47|47,36,20|20,29,15|15,21,31|31,46,13|13,38,11|11,43,30|30,41,16|16,49,14|14,4,18|18,-1,0|
method: def_initPop
seed: 1764168
Instance: 1
best_fitness: 422.713
current_iteration: 4756
last_update_iteration: 281
current_time: 60.0079s
last_update_time: 3.54541s
largest_iteration_offset: 63
stalled_iterations: 4475
path_relink_time: 0s
num_path_relink_calls: 0
num_homogenities: 0
num_best_improvements: 0
num_elite_improvements: 0
num_exchanges: 0
num_shakes: 0
num_resets: 0
