Custom stopping criteria not supplied by the user. Using max. time = 15s and max. stall_offset = 0
Using 1 threads for decoding
initialization time: 0.0616696
best warm start solution: 1011.59
TSP tour:
0 26 17 40 11 53 35 31 67 28 49 25 9 39 58 32 74 34 20 36 64 27 52 60 45 24 7 29 47 73 70 43 14 2 72 41 55 4 56 54 8 69 19 5 6 1 22 61 51 21 3 57 38 65 37 63 15 62 48 68 30 50 44 23 71 16 18 42 66 46 10 59 12 33 13 
Operations:
0,26,40|40,31,67|67,28,49|49,25,9|9,58,74|74,34,20|20,36,64|64,27,7|7,29,47|47,73,70|70,43,14|14,2,72|72,41,55|55,4,56|56,8,69|54,8,19|19,51,21|21,3,57|57,38,65|65,37,63|37,63,15|15,62,68|68,30,44|44,23,71|71,16,18|18,42,66|66,46,10|10,59,33|33,13,0|
method: def_initPop
seed: 8434820
Instance: 1
best_fitness: 932.409
current_iteration: 632
last_update_iteration: 250
current_time: 15.0224s
last_update_time: 5.86335s
largest_iteration_offset: 110
stalled_iterations: 382
path_relink_time: 0s
num_path_relink_calls: 0
num_homogenities: 0
num_best_improvements: 0
num_elite_improvements: 0
num_exchanges: 0
num_shakes: 0
num_resets: 0
