Custom stopping criteria not supplied by the user. Using max. time = 15s and max. stall_offset = 0
Using 1 threads for decoding
initialization time: 0.0954771
best warm start solution: 1393.44
TSP tour:
0 67 98 71 39 59 66 63 99 17 35 2 72 73 87 68 3 13 40 81 80 53 45 34 74 44 61 52 95 75 47 84 14 42 89 20 50 77 4 1 18 56 88 85 16 30 21 55 43 65 64 19 82 46 70 25 57 41 78 6 36 12 29 58 90 49 62 28 97 24 79 32 54 38 31 93 22 37 10 51 8 96 94 15 60 11 7 9 76 83 5 69 91 33 48 26 23 92 86 27 
Operations:
0,98,71|71,66,63|63,35,2|2,72,73|73,87,13|13,40,80|80,45,34|34,44,95|95,75,47|47,84,14|14,42,89|89,77,18|18,56,85|85,16,30|30,21,55|55,43,65|65,64,19|19,46,70|70,25,57|57,41,78|78,36,12|12,29,58|58,90,49|49,62,28|28,79,54|54,38,93|93,22,37|37,8,96|96,94,15|15,60,7|7,9,76|76,83,5|5,69,33|33,48,26|26,23,92|92,27,0|
method: def_initPop
seed: 2700001
Instance: 1
best_fitness: 1138.39
current_iteration: 572
last_update_iteration: 245
current_time: 15.0186s
last_update_time: 6.32215s
largest_iteration_offset: 95
stalled_iterations: 327
path_relink_time: 0s
num_path_relink_calls: 0
num_homogenities: 0
num_best_improvements: 0
num_elite_improvements: 0
num_exchanges: 0
num_shakes: 0
num_resets: 0
