Custom stopping criteria not supplied by the user. Using max. time = 60s and max. stall_offset = 0
Using 1 threads for decoding
initialization time: 0.0313485
best warm start solution: 1101.01
TSP tour:
0 22 41 31 18 36 24 48 34 26 11 17 27 8 40 39 37 16 4 7 21 28 20 15 23 47 35 38 14 44 25 33 10 1 3 46 2 12 32 42 45 29 30 5 6 43 9 49 13 19 
Operations:
0,31,36|36,40,39|24,40,37|37,21,47|16,21,35|35,44,25|25,10,1|1,3,12|12,45,19|19,-1,0|
method: def_initPop
seed: 297720
Instance: 1
best_fitness: 1076.12
current_iteration: 3059
last_update_iteration: 229
current_time: 60.0031s
last_update_time: 4.41233s
largest_iteration_offset: 60
stalled_iterations: 2830
path_relink_time: 0s
num_path_relink_calls: 0
num_homogenities: 0
num_best_improvements: 0
num_elite_improvements: 0
num_exchanges: 0
num_shakes: 0
num_resets: 0
