Custom stopping criteria not supplied by the user. Using max. time = 30s and max. stall_offset = 0
Using 1 threads for decoding
initialization time: 0.0628769
best warm start solution: 805.762
TSP tour:
0 6 12 21 25 23 69 4 8 39 31 37 36 2 10 44 13 59 62 41 72 63 70 46 1 24 57 65 52 73 22 14 42 61 71 9 27 51 58 33 45 3 26 47 66 34 5 53 67 15 48 49 64 50 35 38 60 28 20 18 74 7 30 29 54 19 32 68 40 43 11 55 16 56 17 
Operations:
0,21,39|39,31,37|37,2,59|59,62,72|72,70,46|46,57,65|65,22,14|14,61,71|71,9,58|58,33,45|45,3,66|66,34,5|5,67,15|15,49,35|35,60,20|20,18,74|74,7,30|30,19,32|32,40,43|43,55,56|56,17,0|
method: def_initPop
seed: 8434820
Instance: 1
best_fitness: 691.329
current_iteration: 1282
last_update_iteration: 169
current_time: 30.0207s
last_update_time: 3.85522s
largest_iteration_offset: 59
stalled_iterations: 1113
path_relink_time: 0s
num_path_relink_calls: 0
num_homogenities: 0
num_best_improvements: 0
num_elite_improvements: 0
num_exchanges: 0
num_shakes: 0
num_resets: 0
