Custom stopping criteria not supplied by the user. Using max. time = 15s and max. stall_offset = 0
Using 1 threads for decoding
initialization time: 0.098437
best warm start solution: 1410.05
TSP tour:
0 71 67 39 98 59 66 63 99 17 87 2 72 73 35 68 80 45 40 44 81 13 3 53 34 61 74 95 52 47 75 84 48 14 89 42 20 50 9 1 4 56 18 88 85 16 30 21 55 65 82 64 70 25 46 36 57 19 41 78 6 43 12 29 58 90 49 62 28 97 24 54 32 22 31 93 77 37 10 51 96 69 38 8 60 79 94 15 11 76 7 5 83 91 26 33 23 92 86 27 
Operations:
0,71,67|67,66,63|63,87,2|2,72,73|73,35,95|95,52,47|47,75,84|84,48,14|14,89,42|89,42,20|20,50,9|9,1,4|4,56,88|88,16,30|30,21,55|55,82,64|65,64,70|70,36,57|57,41,78|78,43,12|12,29,58|58,90,49|49,62,28|28,54,32|32,22,31|31,77,38|38,79,11|11,7,5|5,83,91|91,26,33|33,23,92|92,27,0|
method: def_initPop
seed: 7515072
Instance: 1
best_fitness: 1252.55
current_iteration: 503
last_update_iteration: 185
current_time: 15.0081s
last_update_time: 5.38913s
largest_iteration_offset: 83
stalled_iterations: 318
path_relink_time: 0s
num_path_relink_calls: 0
num_homogenities: 0
num_best_improvements: 0
num_elite_improvements: 0
num_exchanges: 0
num_shakes: 0
num_resets: 0
