Custom stopping criteria not supplied by the user. Using max. time = 30s and max. stall_offset = 0
Using 1 threads for decoding
initialization time: 0.0643078
best warm start solution: 904.012
TSP tour:
0 86 49 43 41 82 24 67 59 19 30 27 32 69 98 76 91 12 89 4 87 20 46 88 68 25 54 42 72 21 40 52 35 1 66 56 28 70 31 7 65 44 93 90 13 8 5 45 92 10 17 33 23 38 39 84 6 95 14 60 78 79 94 50 80 63 57 73 37 34 15 3 55 53 75 58 18 71 29 11 64 22 96 61 62 51 26 48 83 77 85 36 99 97 16 74 9 2 81 47 
Operations:
0,86,49|49,41,82|82,59,19|19,69,91|91,89,4|4,20,46|46,88,68|68,25,54|54,42,72|72,21,40|21,40,52|52,1,70|70,31,7|7,93,13|13,8,45|45,92,10|10,17,33|33,38,84|84,6,95|95,14,60|60,78,79|79,94,80|80,63,57|57,37,34|34,15,3|3,53,11|11,64,22|22,96,61|61,62,51|62,26,48|48,77,85|85,36,99|99,97,16|16,9,2|2,47,0|
method: def_initPop
seed: 297720
Instance: 1
best_fitness: 823.605
current_iteration: 1030
last_update_iteration: 175
current_time: 30.0072s
last_update_time: 4.98132s
largest_iteration_offset: 79
stalled_iterations: 855
path_relink_time: 0s
num_path_relink_calls: 0
num_homogenities: 0
num_best_improvements: 0
num_elite_improvements: 0
num_exchanges: 0
num_shakes: 0
num_resets: 0
