Custom stopping criteria not supplied by the user. Using max. time = 15s and max. stall_offset = 0
Using 1 threads for decoding
initialization time: 0.0657848
best warm start solution: 1108.71
TSP tour:
0 80 55 39 60 88 58 18 82 53 5 95 79 75 76 13 91 37 86 47 19 41 52 51 22 25 34 83 70 42 49 63 65 85 40 68 21 45 62 74 54 84 4 78 93 38 44 26 28 30 8 72 77 89 2 11 35 17 33 46 43 16 92 20 87 9 32 90 14 23 56 10 67 31 36 64 7 27 50 97 98 71 99 94 57 48 61 66 81 3 24 69 73 29 6 12 15 1 59 96 
Operations:
0,76,40|40,68,54|54,78,93|93,44,28|28,2,11|11,17,64|64,7,98|98,57,61|61,3,73|73,12,15|15,1,0|
method: def_initPop
seed: 8434820
Instance: 1
best_fitness: 1088.72
current_iteration: 292
last_update_iteration: 184
current_time: 15.0286s
last_update_time: 9.09569s
largest_iteration_offset: 121
stalled_iterations: 108
path_relink_time: 0s
num_path_relink_calls: 0
num_homogenities: 0
num_best_improvements: 0
num_elite_improvements: 0
num_exchanges: 0
num_shakes: 0
num_resets: 0
