Custom stopping criteria not supplied by the user. Using max. time = 30s and max. stall_offset = 0
Using 1 threads for decoding
initialization time: 0.0303939
best warm start solution: 896.74
TSP tour:
0 40 33 18 24 35 47 8 43 41 38 15 14 19 32 48 3 44 45 28 5 30 23 10 11 46 42 13 21 20 34 27 26 7 12 2 1 39 16 17 22 4 49 37 25 6 9 29 36 31 
Operations:
0,40,33|33,35,8|8,43,41|41,38,14|14,19,32|32,48,3|3,28,5|5,30,23|23,10,46|46,21,20|20,34,27|27,26,7|7,2,1|1,16,17|17,22,4|4,49,37|37,25,6|6,9,29|29,31,0|
method: def_initPop
seed: 1764168
Instance: 1
best_fitness: 741.184
current_iteration: 2380
last_update_iteration: 154
current_time: 30.0108s
last_update_time: 1.93126s
largest_iteration_offset: 34
stalled_iterations: 2226
path_relink_time: 0s
num_path_relink_calls: 0
num_homogenities: 0
num_best_improvements: 0
num_elite_improvements: 0
num_exchanges: 0
num_shakes: 0
num_resets: 0
