Custom stopping criteria not supplied by the user. Using max. time = 30s and max. stall_offset = 0
Using 1 threads for decoding
initialization time: 0.0147492
best warm start solution: 725.469
TSP tour:
0 11 31 8 24 44 20 38 32 25 34 9 4 35 26 45 39 15 3 19 29 49 41 40 12 43 18 14 48 17 22 1 42 33 36 16 5 47 30 6 2 10 23 28 46 7 13 27 21 37 
Operations:
0,11,31|31,8,38|38,25,4|4,49,41|41,1,42|40,1,33|33,16,5|5,30,21|21,37,0|
method: def_initPop
seed: 297720
Instance: 1
best_fitness: 719.93
current_iteration: 1513
last_update_iteration: 79
current_time: 30.015s
last_update_time: 1.50929s
largest_iteration_offset: 78
stalled_iterations: 1434
path_relink_time: 0s
num_path_relink_calls: 0
num_homogenities: 0
num_best_improvements: 0
num_elite_improvements: 0
num_exchanges: 0
num_shakes: 0
num_resets: 0
