Custom stopping criteria not supplied by the user. Using max. time = 15s and max. stall_offset = 0
Using 1 threads for decoding
initialization time: 0.036942
best warm start solution: 549.238
TSP tour:
0 53 61 16 38 9 37 11 36 3 43 17 1 70 18 35 51 66 74 30 69 60 55 26 40 63 28 58 24 72 71 50 54 22 8 27 59 47 34 52 49 19 20 64 5 29 14 65 42 23 48 73 2 31 56 46 44 39 13 67 57 62 12 15 7 33 68 4 41 32 45 10 25 6 21 
Operations:
0,61,16|16,38,37|37,11,17|17,1,35|35,51,66|66,74,30|30,60,55|55,40,63|63,28,58|58,72,71|71,50,22|22,59,47|47,34,52|52,49,20|20,64,5|5,29,14|14,65,73|73,46,44|44,12,15|15,7,33|33,4,41|41,32,45|45,10,25|25,6,0|
method: def_initPop
seed: 297720
Instance: 1
best_fitness: 471.853
current_iteration: 682
last_update_iteration: 368
current_time: 15.0012s
last_update_time: 8.04571s
largest_iteration_offset: 134
stalled_iterations: 314
path_relink_time: 0s
num_path_relink_calls: 0
num_homogenities: 0
num_best_improvements: 0
num_elite_improvements: 0
num_exchanges: 0
num_shakes: 0
num_resets: 0
