Custom stopping criteria not supplied by the user. Using max. time = 15s and max. stall_offset = 0
Using 1 threads for decoding
initialization time: 0.0944571
best warm start solution: 506.624
TSP tour:
0 13 1 49 61 40 45 7 38 50 9 53 8 32 60 27 15 35 42 57 47 55 18 31 22 48 4 37 68 72 30 44 25 39 17 51 41 58 65 69 70 64 19 73 20 56 46 29 23 26 3 14 6 59 43 74 24 66 16 5 33 54 52 11 67 21 2 10 63 71 12 62 34 36 28 
Operations:
0,13,49|49,61,40|40,45,7|7,38,50|50,9,53|53,8,32|32,35,42|42,57,47|47,55,18|18,31,22|22,48,4|4,37,68|68,72,39|39,17,51|51,41,58|58,65,69|69,70,64|64,19,73|73,20,46|46,29,23|23,26,3|3,14,6|6,59,43|43,74,24|24,5,33|33,54,52|52,11,67|67,21,2|2,10,63|63,71,62|62,34,36|36,28,0|
method: def_initPop
seed: 297720
Instance: 1
best_fitness: 413.959
current_iteration: 788
last_update_iteration: 251
current_time: 15.0011s
last_update_time: 4.76103s
largest_iteration_offset: 48
stalled_iterations: 537
path_relink_time: 0s
num_path_relink_calls: 0
num_homogenities: 0
num_best_improvements: 0
num_elite_improvements: 0
num_exchanges: 0
num_shakes: 0
num_resets: 0
