Custom stopping criteria not supplied by the user. Using max. time = 15s and max. stall_offset = 0
Using 1 threads for decoding
initialization time: 0.0943535
best warm start solution: 506.624
TSP tour:
0 53 49 61 38 40 7 45 50 8 5 32 60 27 9 15 42 35 47 55 18 57 22 31 4 48 37 68 72 44 30 17 25 51 39 41 58 65 69 70 64 19 73 20 56 46 26 23 29 3 14 6 11 74 43 59 24 16 66 54 33 13 52 67 2 10 21 28 63 71 12 62 34 36 1 
Operations:
0,53,49|49,38,40|40,7,45|45,50,8|8,5,32|32,60,27|60,9,15|15,35,47|47,55,18|18,57,22|22,31,4|4,48,37|37,72,30|30,17,25|25,51,39|39,41,58|58,65,69|69,70,64|64,19,73|73,20,46|46,26,23|23,29,3|3,14,6|6,11,43|43,59,24|24,16,66|66,54,33|33,13,67|67,10,21|21,28,63|63,71,62|62,34,36|36,1,0|
method: def_initPop
seed: 2700001
Instance: 1
best_fitness: 409.651
current_iteration: 778
last_update_iteration: 296
current_time: 15.0059s
last_update_time: 5.68356s
largest_iteration_offset: 63
stalled_iterations: 482
path_relink_time: 0s
num_path_relink_calls: 0
num_homogenities: 0
num_best_improvements: 0
num_elite_improvements: 0
num_exchanges: 0
num_shakes: 0
num_resets: 0
