Custom stopping criteria not supplied by the user. Using max. time = 120s and max. stall_offset = 0
Using 1 threads for decoding
initialization time: 0.0282339
best warm start solution: 504.275
TSP tour:
0 14 22 27 25 32 24 40 23 33 12 15 4 17 3 10 18 43 36 39 37 8 5 47 13 28 7 21 6 19 20 44 1 2 45 42 26 30 16 48 35 41 38 9 34 11 29 46 31 49 
Operations:
0,27,32|32,24,33|33,12,43|43,39,5|5,21,6|6,30,16|16,48,9|9,11,29|29,31,0|
method: def_initPop
seed: 7515072
Instance: 1
best_fitness: 488.298
current_iteration: 6391
last_update_iteration: 88
current_time: 120.008s
last_update_time: 1.59531s
largest_iteration_offset: 61
stalled_iterations: 6303
path_relink_time: 0s
num_path_relink_calls: 0
num_homogenities: 0
num_best_improvements: 0
num_elite_improvements: 0
num_exchanges: 0
num_shakes: 0
num_resets: 0
