Custom stopping criteria not supplied by the user. Using max. time = 15s and max. stall_offset = 0
Using 1 threads for decoding
initialization time: 0.0280849
best warm start solution: 882.702
TSP tour:
0 17 25 37 43 49 44 2 45 29 18 28 9 42 32 34 20 8 14 48 36 5 4 46 35 19 22 38 27 21 13 40 24 30 33 11 10 3 26 23 16 1 7 6 39 41 12 47 15 31 
Operations:
0,49,44|44,2,45|45,29,18|18,28,9|9,42,20|20,8,14|14,48,5|5,4,46|46,38,24|24,30,3|3,26,16|16,7,6|6,39,41|41,31,0|
method: def_initPop
seed: 297720
Instance: 1
best_fitness: 847.608
current_iteration: 1109
last_update_iteration: 96
current_time: 15.005s
last_update_time: 1.28575s
largest_iteration_offset: 52
stalled_iterations: 1013
path_relink_time: 0s
num_path_relink_calls: 0
num_homogenities: 0
num_best_improvements: 0
num_elite_improvements: 0
num_exchanges: 0
num_shakes: 0
num_resets: 0
