Custom stopping criteria not supplied by the user. Using max. time = 120s and max. stall_offset = 0
Using 1 threads for decoding
initialization time: 0.0717561
best warm start solution: 623.666
TSP tour:
0 61 46 25 28 26 68 22 67 55 59 8 70 17 41 45 31 39 36 49 57 73 60 47 15 23 1 32 65 64 14 40 58 19 13 7 11 74 69 42 34 20 71 3 51 6 24 30 52 66 56 72 53 37 29 9 62 63 27 12 43 4 33 18 16 50 48 10 38 2 54 21 5 35 44 
Operations:
0,28,55|55,17,41|41,39,36|36,57,60|60,47,32|32,40,13|13,74,69|69,3,51|51,30,52|52,56,53|53,37,62|62,50,48|48,54,21|21,35,0|
method: def_initPop
seed: 297720
Instance: 1
best_fitness: 598.433
current_iteration: 3165
last_update_iteration: 177
current_time: 120.027s
last_update_time: 6.42187s
largest_iteration_offset: 85
stalled_iterations: 2988
path_relink_time: 0s
num_path_relink_calls: 0
num_homogenities: 0
num_best_improvements: 0
num_elite_improvements: 0
num_exchanges: 0
num_shakes: 0
num_resets: 0
