Custom stopping criteria not supplied by the user. Using max. time = 120s and max. stall_offset = 0
Using 1 threads for decoding
initialization time: 0.0206573
best warm start solution: 870.07
TSP tour:
0 17 28 25 37 43 44 2 45 31 29 18 49 9 42 32 34 8 20 48 14 36 21 38 19 46 5 35 22 4 27 13 24 40 33 10 11 26 23 3 30 16 7 1 39 6 41 47 15 12 
Operations:
0,28,25|25,31,18|18,49,9|9,42,32|32,34,8|34,8,20|20,48,14|14,38,46|46,5,35|35,4,27|27,24,40|40,33,10|10,11,26|26,23,3|3,30,16|16,7,1|1,39,6|6,41,47|47,12,0|
method: def_initPop
seed: 7515072
Instance: 1
best_fitness: 750.033
current_iteration: 9668
last_update_iteration: 222
current_time: 120.005s
last_update_time: 2.71658s
largest_iteration_offset: 80
stalled_iterations: 9446
path_relink_time: 0s
num_path_relink_calls: 0
num_homogenities: 0
num_best_improvements: 0
num_elite_improvements: 0
num_exchanges: 0
num_shakes: 0
num_resets: 0
