Custom stopping criteria not supplied by the user. Using max. time = 15s and max. stall_offset = 0
Using 1 threads for decoding
initialization time: 0.129105
best warm start solution: 830.581
TSP tour:
0 28 92 80 95 42 74 19 98 8 99 85 89 88 29 54 59 91 72 68 30 44 81 58 71 76 79 83 12 60 84 27 46 26 97 37 57 73 90 38 87 49 41 36 70 39 93 47 11 25 55 40 86 64 48 69 33 10 7 23 31 13 22 2 21 77 50 67 1 14 65 82 96 53 32 45 9 51 17 78 43 15 66 24 6 18 20 56 16 34 3 75 63 94 35 4 62 52 61 5 
Operations:
0,92,74|74,19,98|98,8,99|99,85,89|89,88,29|29,59,91|91,30,44|44,81,58|58,71,76|76,79,83|79,83,12|12,60,84|84,27,46|46,97,37|37,57,90|90,38,87|87,49,41|41,36,70|70,93,48|48,33,10|10,7,31|31,13,22|22,2,50|50,1,14|14,65,82|82,53,32|32,45,9|9,51,17|17,78,43|43,15,66|66,20,56|56,16,3|3,75,63|63,94,35|35,5,0|
method: def_initPop
seed: 8434820
Instance: 1
best_fitness: 759.813
current_iteration: 525
last_update_iteration: 298
current_time: 15.0204s
last_update_time: 8.34856s
largest_iteration_offset: 104
stalled_iterations: 227
path_relink_time: 0s
num_path_relink_calls: 0
num_homogenities: 0
num_best_improvements: 0
num_elite_improvements: 0
num_exchanges: 0
num_shakes: 0
num_resets: 0
