Custom stopping criteria not supplied by the user. Using max. time = 240s and max. stall_offset = 0
Using 1 threads for decoding
initialization time: 0.0196343
best warm start solution: 424.611
TSP tour:
0 14 22 27 32 25 40 23 24 33 12 15 4 17 10 3 8 18 43 39 36 5 47 13 28 21 7 6 20 19 44 37 2 1 45 30 42 26 16 48 35 38 9 41 34 11 29 46 49 31 
Operations:
0,14,22|22,27,32|32,25,40|25,40,23|23,24,33|33,12,15|15,4,17|17,10,3|3,8,43|43,39,5|5,47,13|13,28,21|28,21,7|7,6,20|20,19,44|44,37,1|1,30,26|26,48,35|35,38,9|9,41,34|34,11,29|29,46,49|49,31,0|
method: def_initPop
seed: 8434820
Instance: 1
best_fitness: 377.46
current_iteration: 20415
last_update_iteration: 129
current_time: 240.009s
last_update_time: 1.52328s
largest_iteration_offset: 42
stalled_iterations: 20286
path_relink_time: 0s
num_path_relink_calls: 0
num_homogenities: 0
num_best_improvements: 0
num_elite_improvements: 0
num_exchanges: 0
num_shakes: 0
num_resets: 0
