Custom stopping criteria not supplied by the user. Using max. time = 60s and max. stall_offset = 0
Using 1 threads for decoding
initialization time: 0.0746179
best warm start solution: 580.056
TSP tour:
0 1 49 40 61 45 38 7 50 53 9 32 8 5 60 27 15 35 42 55 57 47 31 18 22 48 4 68 37 30 44 72 25 39 51 17 41 65 58 69 64 70 19 20 73 56 46 29 23 26 3 6 14 13 74 11 59 43 24 66 16 33 54 52 67 2 21 28 63 10 34 71 12 62 36 
Operations:
0,1,61|61,45,53|53,35,42|42,31,18|18,48,37|37,72,64|64,29,23|23,26,14|14,-1,13|13,74,43|43,54,52|52,28,63|63,10,36|36,-1,0|
method: def_initPop
seed: 2700001
Instance: 1
best_fitness: 566.739
current_iteration: 2188
last_update_iteration: 355
current_time: 60.0218s
last_update_time: 9.50177s
largest_iteration_offset: 176
stalled_iterations: 1833
path_relink_time: 0s
num_path_relink_calls: 0
num_homogenities: 0
num_best_improvements: 0
num_elite_improvements: 0
num_exchanges: 0
num_shakes: 0
num_resets: 0
