Custom stopping criteria not supplied by the user. Using max. time = 15s and max. stall_offset = 0
Using 1 threads for decoding
initialization time: 0.0687589
best warm start solution: 1111.19
TSP tour:
0 77 55 63 76 24 96 56 69 16 15 89 45 35 34 44 54 74 86 64 58 91 60 11 94 38 66 43 2 14 50 83 36 53 82 6 49 71 1 73 79 19 39 25 28 47 17 4 61 7 20 37 80 99 31 10 30 48 51 57 65 9 32 84 59 85 97 13 62 52 70 81 92 87 12 88 78 90 41 75 67 8 95 3 27 40 98 5 22 72 18 68 26 23 46 29 33 93 42 21 
Operations:
0,55,56|77,55,69|69,89,45|45,35,44|44,58,91|91,60,94|94,38,2|2,50,83|83,36,49|49,71,1|1,73,28|28,47,17|17,4,61|61,7,20|20,37,99|99,31,10|31,10,30|30,48,51|51,57,9|9,32,84|84,85,97|97,13,62|62,52,81|81,92,12|12,88,78|78,67,8|8,3,27|27,98,72|72,18,68|68,26,23|23,46,29|29,33,93|93,21,0|
method: def_initPop
seed: 8434820
Instance: 1
best_fitness: 983.523
current_iteration: 525
last_update_iteration: 343
current_time: 15.0013s
last_update_time: 9.76424s
largest_iteration_offset: 102
stalled_iterations: 182
path_relink_time: 0s
num_path_relink_calls: 0
num_homogenities: 0
num_best_improvements: 0
num_elite_improvements: 0
num_exchanges: 0
num_shakes: 0
num_resets: 0
