Custom stopping criteria not supplied by the user. Using max. time = 60s and max. stall_offset = 0
Using 1 threads for decoding
initialization time: 0.0305216
best warm start solution: 1043.59
TSP tour:
0 8 41 34 38 18 24 40 6 5 43 20 46 1 16 9 3 48 15 47 45 12 27 49 31 13 10 29 14 26 2 35 4 30 39 22 17 21 7 44 19 37 28 42 11 32 25 23 36 33 
Operations:
0,34,38|8,34,18|18,6,5|5,20,1|1,48,47|47,27,4|4,30,44|44,36,0|
method: def_initPop
seed: 2700001
Instance: 1
best_fitness: 1023.85
current_iteration: 2880
last_update_iteration: 120
current_time: 60.0146s
last_update_time: 2.38382s
largest_iteration_offset: 75
stalled_iterations: 2760
path_relink_time: 0s
num_path_relink_calls: 0
num_homogenities: 0
num_best_improvements: 0
num_elite_improvements: 0
num_exchanges: 0
num_shakes: 0
num_resets: 0
