Custom stopping criteria not supplied by the user. Using max. time = 15s and max. stall_offset = 0
Using 1 threads for decoding
initialization time: 0.0149664
best warm start solution: 725.469
TSP tour:
0 11 31 24 8 44 20 38 32 25 34 9 4 35 45 39 15 3 19 29 49 41 40 12 43 18 14 48 33 17 42 22 16 36 1 30 5 47 6 2 10 23 28 46 7 13 27 21 26 37 
Operations:
0,11,31|31,8,38|38,25,35|35,3,19|19,49,18|29,49,14|14,33,36|36,1,7|7,26,0|
method: def_initPop
seed: 2700001
Instance: 1
best_fitness: 710.901
current_iteration: 771
last_update_iteration: 69
current_time: 15.014s
last_update_time: 1.30696s
largest_iteration_offset: 51
stalled_iterations: 702
path_relink_time: 0s
num_path_relink_calls: 0
num_homogenities: 0
num_best_improvements: 0
num_elite_improvements: 0
num_exchanges: 0
num_shakes: 0
num_resets: 0
