Custom stopping criteria not supplied by the user. Using max. time = 240s and max. stall_offset = 0
Using 1 threads for decoding
initialization time: 0.0167228
best warm start solution: 701.132
TSP tour:
0 2 29 20 12 46 42 31 28 26 36 23 25 38 41 5 40 11 39 33 32 49 7 14 47 21 15 43 19 4 34 45 35 24 8 44 3 10 22 48 16 18 17 9 13 1 30 37 27 6 
Operations:
0,26,38|38,5,40|40,11,4|4,44,48|48,17,30|30,27,0|
method: def_initPop
seed: 297720
Instance: 1
best_fitness: 691.016
current_iteration: 11798
last_update_iteration: 186
current_time: 240.001s
last_update_time: 3.69954s
largest_iteration_offset: 80
stalled_iterations: 11612
path_relink_time: 0s
num_path_relink_calls: 0
num_homogenities: 0
num_best_improvements: 0
num_elite_improvements: 0
num_exchanges: 0
num_shakes: 0
num_resets: 0
