Custom stopping criteria not supplied by the user. Using max. time = 240s and max. stall_offset = 0
Using 1 threads for decoding
initialization time: 0.0167448
best warm start solution: 701.132
TSP tour:
0 41 2 29 20 12 46 42 31 28 7 49 32 36 23 25 38 40 11 5 39 33 26 14 47 21 15 43 19 4 34 45 35 24 8 3 44 10 22 48 17 16 18 9 1 30 13 37 27 6 
Operations:
0,41,49|49,11,5|5,26,34|34,44,9|9,13,27|27,6,0|
method: def_initPop
seed: 7515072
Instance: 1
best_fitness: 683.62
current_iteration: 11670
last_update_iteration: 77
current_time: 240.013s
last_update_time: 1.49879s
largest_iteration_offset: 57
stalled_iterations: 11593
path_relink_time: 0s
num_path_relink_calls: 0
num_homogenities: 0
num_best_improvements: 0
num_elite_improvements: 0
num_exchanges: 0
num_shakes: 0
num_resets: 0
