Custom stopping criteria not supplied by the user. Using max. time = 15s and max. stall_offset = 0
Using 1 threads for decoding
initialization time: 0.0374408
best warm start solution: 791.754
TSP tour:
0 4 21 10 5 49 27 35 36 28 1 17 8 23 13 39 41 47 25 2 19 43 11 33 24 18 46 44 9 7 42 34 38 32 6 31 22 15 45 26 16 29 14 30 48 12 37 20 40 3 
Operations:
0,10,5|5,49,27|27,35,17|17,13,25|25,2,19|19,43,11|11,33,24|24,18,46|46,44,9|9,7,42|42,34,38|38,32,6|6,31,22|22,15,45|45,26,29|29,14,30|30,48,12|12,37,0|
method: def_initPop
seed: 1764168
Instance: 1
best_fitness: 732.565
current_iteration: 1096
last_update_iteration: 232
current_time: 15.0117s
last_update_time: 3.14001s
largest_iteration_offset: 53
stalled_iterations: 864
path_relink_time: 0s
num_path_relink_calls: 0
num_homogenities: 0
num_best_improvements: 0
num_elite_improvements: 0
num_exchanges: 0
num_shakes: 0
num_resets: 0
