Custom stopping criteria not supplied by the user. Using max. time = 30s and max. stall_offset = 0
Using 1 threads for decoding
initialization time: 0.0269281
best warm start solution: 461.602
TSP tour:
0 7 38 44 24 43 30 8 1 36 9 49 26 2 37 17 14 32 22 42 28 41 27 3 20 39 45 31 25 19 4 23 11 48 21 6 13 29 33 46 16 12 35 47 10 18 5 34 40 15 
Operations:
0,7,44|44,24,43|24,30,8|8,1,36|36,9,49|49,26,2|2,37,17|17,14,32|32,22,42|42,28,41|41,27,3|3,20,39|39,45,31|31,25,4|4,23,11|11,48,21|21,6,13|13,29,33|33,46,16|16,12,35|35,47,18|18,34,0|
method: def_initPop
seed: 297720
Instance: 1
best_fitness: 392.174
current_iteration: 2579
last_update_iteration: 156
current_time: 30.005s
last_update_time: 1.82021s
largest_iteration_offset: 36
stalled_iterations: 2423
path_relink_time: 0s
num_path_relink_calls: 0
num_homogenities: 0
num_best_improvements: 0
num_elite_improvements: 0
num_exchanges: 0
num_shakes: 0
num_resets: 0
