Custom stopping criteria not supplied by the user. Using max. time = 15s and max. stall_offset = 0
Using 1 threads for decoding
initialization time: 0.128858
best warm start solution: 826.535
TSP tour:
0 80 28 33 95 42 74 19 98 59 99 8 85 89 48 64 69 10 93 23 7 31 13 22 2 21 77 50 67 14 1 82 65 96 32 86 53 45 9 51 17 66 43 15 78 12 84 60 46 26 27 97 37 11 57 25 55 47 39 40 70 36 41 49 87 73 90 38 88 29 54 91 81 72 68 30 44 83 71 58 24 76 79 6 18 56 20 34 16 3 63 75 94 35 4 92 62 52 5 61 
Operations:
0,80,28|28,33,95|95,42,74|74,19,98|98,59,99|99,8,85|85,89,48|48,64,10|10,93,23|23,7,31|31,13,22|22,2,77|77,50,67|67,1,82|82,65,96|96,86,53|53,45,9|9,51,17|17,66,43|43,15,78|78,12,84|84,60,46|46,26,27|27,97,37|37,57,25|25,55,47|47,40,70|70,36,41|41,49,87|87,73,90|90,81,68|68,30,44|44,24,76|76,6,18|18,20,34|34,16,63|63,75,94|94,92,62|62,5,61|61,-1,0|
method: def_initPop
seed: 2700001
Instance: 1
best_fitness: 641.147
current_iteration: 605
last_update_iteration: 327
current_time: 15.0201s
last_update_time: 8.03354s
largest_iteration_offset: 77
stalled_iterations: 278
path_relink_time: 0s
num_path_relink_calls: 0
num_homogenities: 0
num_best_improvements: 0
num_elite_improvements: 0
num_exchanges: 0
num_shakes: 0
num_resets: 0
