Custom stopping criteria not supplied by the user. Using max. time = 15s and max. stall_offset = 0
Using 1 threads for decoding
initialization time: 0.0202661
best warm start solution: 461.914
TSP tour:
0 3 7 48 6 35 27 25 20 36 14 2 29 18 31 9 47 21 8 4 10 26 15 40 41 12 44 45 23 19 33 30 24 38 39 37 11 17 42 1 5 22 49 43 34 13 28 16 32 46 
Operations:
0,3,36|36,18,8|8,10,41|41,12,23|23,19,37|37,11,22|22,16,46|46,-1,0|
method: def_initPop
seed: 2700001
Instance: 1
best_fitness: 456.39
current_iteration: 776
last_update_iteration: 385
current_time: 15.0072s
last_update_time: 7.39815s
largest_iteration_offset: 277
stalled_iterations: 391
path_relink_time: 0s
num_path_relink_calls: 0
num_homogenities: 0
num_best_improvements: 0
num_elite_improvements: 0
num_exchanges: 0
num_shakes: 0
num_resets: 0
