Custom stopping criteria not supplied by the user. Using max. time = 15s and max. stall_offset = 0
Using 1 threads for decoding
initialization time: 0.020215
best warm start solution: 461.914
TSP tour:
0 3 48 6 35 27 25 20 36 14 2 29 18 31 9 47 21 8 4 10 26 15 40 41 12 44 19 45 23 33 30 24 38 39 37 11 17 16 42 1 5 22 43 34 49 13 28 32 46 7 
Operations:
0,3,36|36,18,8|14,18,4|4,10,44|44,19,39|39,11,42|42,34,0|
method: def_initPop
seed: 7515072
Instance: 1
best_fitness: 458.12
current_iteration: 773
last_update_iteration: 306
current_time: 15.0133s
last_update_time: 5.87425s
largest_iteration_offset: 186
stalled_iterations: 467
path_relink_time: 0s
num_path_relink_calls: 0
num_homogenities: 0
num_best_improvements: 0
num_elite_improvements: 0
num_exchanges: 0
num_shakes: 0
num_resets: 0
