Custom stopping criteria not supplied by the user. Using max. time = 15s and max. stall_offset = 0
Using 1 threads for decoding
initialization time: 0.0393364
best warm start solution: 1114.36
TSP tour:
0 72 57 7 23 46 5 22 27 19 56 24 10 47 35 3 11 18 44 37 58 40 6 69 30 25 38 62 63 68 42 52 13 66 4 51 74 36 17 32 43 71 39 65 48 34 61 2 67 49 73 50 29 21 16 26 45 15 14 70 33 8 59 55 28 54 12 1 31 9 60 64 53 41 20 
Operations:
0,57,5|5,22,27|27,56,24|24,47,3|3,11,40|40,25,38|38,62,42|42,13,51|51,74,36|36,43,67|67,49,73|73,50,29|50,29,21|21,16,26|26,45,15|15,14,33|33,8,59|59,54,9|9,60,64|64,53,41|41,20,0|
method: def_initPop
seed: 2700001
Instance: 1
best_fitness: 948.012
current_iteration: 622
last_update_iteration: 224
current_time: 15.0013s
last_update_time: 5.30792s
largest_iteration_offset: 49
stalled_iterations: 398
path_relink_time: 0s
num_path_relink_calls: 0
num_homogenities: 0
num_best_improvements: 0
num_elite_improvements: 0
num_exchanges: 0
num_shakes: 0
num_resets: 0
