Custom stopping criteria not supplied by the user. Using max. time = 15s and max. stall_offset = 0
Using 1 threads for decoding
initialization time: 0.0393213
best warm start solution: 1114.36
TSP tour:
0 20 7 72 23 46 5 22 27 48 19 56 10 35 3 18 37 44 58 11 40 6 30 69 63 38 25 62 43 68 52 51 4 66 74 42 36 17 32 71 13 39 65 24 47 34 61 2 67 49 73 50 29 21 16 26 45 15 14 70 33 8 59 55 28 12 57 1 31 9 60 64 53 54 41 
Operations:
0,20,7|7,72,23|23,46,5|5,22,27|27,48,19|19,56,10|10,35,3|3,11,40|40,6,30|30,69,63|63,43,4|4,66,74|74,42,17|17,13,24|24,47,67|67,49,73|73,50,29|50,29,21|21,16,26|26,45,15|15,14,33|33,57,53|53,54,0|
method: def_initPop
seed: 8434820
Instance: 1
best_fitness: 948.379
current_iteration: 640
last_update_iteration: 270
current_time: 15.0213s
last_update_time: 6.29404s
largest_iteration_offset: 50
stalled_iterations: 370
path_relink_time: 0s
num_path_relink_calls: 0
num_homogenities: 0
num_best_improvements: 0
num_elite_improvements: 0
num_exchanges: 0
num_shakes: 0
num_resets: 0
