Custom stopping criteria not supplied by the user. Using max. time = 30s and max. stall_offset = 0
Using 1 threads for decoding
initialization time: 0.0243517
best warm start solution: 910.305
TSP tour:
0 42 40 7 33 19 38 48 29 4 3 41 5 47 35 13 14 39 34 44 8 37 23 45 20 21 15 25 16 18 31 17 9 12 22 30 28 1 32 24 26 27 2 43 49 6 11 36 46 10 
Operations:
0,40,19|19,38,4|4,3,41|41,5,47|47,35,13|13,34,44|44,8,37|37,45,21|21,15,25|25,16,18|18,31,17|17,9,12|12,22,30|30,28,27|27,2,43|43,6,11|11,36,46|46,10,0|
method: def_initPop
seed: 297720
Instance: 1
best_fitness: 816.937
current_iteration: 2227
last_update_iteration: 274
current_time: 30.0039s
last_update_time: 3.68797s
largest_iteration_offset: 99
stalled_iterations: 1953
path_relink_time: 0s
num_path_relink_calls: 0
num_homogenities: 0
num_best_improvements: 0
num_elite_improvements: 0
num_exchanges: 0
num_shakes: 0
num_resets: 0
