Custom stopping criteria not supplied by the user. Using max. time = 30s and max. stall_offset = 0
Using 1 threads for decoding
initialization time: 0.0243902
best warm start solution: 910.305
TSP tour:
0 10 42 7 40 33 38 19 48 29 3 4 28 41 47 35 13 34 8 39 44 37 45 23 21 14 15 5 25 20 18 31 16 17 9 12 22 30 1 24 32 26 27 49 43 11 6 36 2 46 
Operations:
0,40,33|33,38,19|19,3,4|4,28,47|47,35,13|13,34,44|44,45,23|23,14,15|15,5,20|20,16,17|17,9,12|12,22,30|30,1,24|1,24,32|32,26,49|49,43,11|11,6,36|36,2,0|
method: def_initPop
seed: 2700001
Instance: 1
best_fitness: 820.6
current_iteration: 2200
last_update_iteration: 127
current_time: 30.0014s
last_update_time: 1.71064s
largest_iteration_offset: 39
stalled_iterations: 2073
path_relink_time: 0s
num_path_relink_calls: 0
num_homogenities: 0
num_best_improvements: 0
num_elite_improvements: 0
num_exchanges: 0
num_shakes: 0
num_resets: 0
