Custom stopping criteria not supplied by the user. Using max. time = 120s and max. stall_offset = 0
Using 1 threads for decoding
initialization time: 0.115531
best warm start solution: 1386.98
TSP tour:
0 21 66 46 20 16 56 32 72 54 59 8 50 60 37 92 28 75 81 6 43 74 79 73 61 18 23 71 41 26 40 51 45 95 27 70 36 39 17 67 4 80 99 1 38 69 31 64 42 22 3 2 14 97 85 55 90 86 13 48 24 34 93 94 11 25 62 19 89 52 91 29 82 53 30 7 96 35 87 88 63 9 84 44 5 65 98 68 77 76 83 58 57 12 47 10 78 33 15 49 
Operations:
0,21,32|32,50,37|37,6,43|43,74,95|95,27,17|17,67,31|31,64,42|42,55,86|86,24,34|34,93,62|62,19,53|53,96,35|30,96,87|87,84,44|44,76,57|57,12,0|
method: def_initPop
seed: 8434820
Instance: 1
best_fitness: 1386.98
current_iteration: 2277
last_update_iteration: 1
current_time: 120.016s
last_update_time: 0.0440116s
largest_iteration_offset: 1
stalled_iterations: 2276
path_relink_time: 0s
num_path_relink_calls: 0
num_homogenities: 0
num_best_improvements: 0
num_elite_improvements: 0
num_exchanges: 0
num_shakes: 0
num_resets: 0
