Custom stopping criteria not supplied by the user. Using max. time = 120s and max. stall_offset = 0
Using 1 threads for decoding
initialization time: 0.0211106
best warm start solution: 717.92
TSP tour:
0 21 19 42 12 20 37 23 31 11 15 33 32 35 6 24 22 46 49 4 38 44 39 45 9 25 43 18 30 1 7 26 3 29 14 10 48 13 2 17 36 40 16 28 34 47 8 5 41 27 
Operations:
0,12,20|20,31,33|33,49,4|4,44,7|7,16,34|34,41,0|
method: def_initPop
seed: 297720
Instance: 1
best_fitness: 691.032
current_iteration: 6079
last_update_iteration: 124
current_time: 120.014s
last_update_time: 2.36484s
largest_iteration_offset: 81
stalled_iterations: 5955
path_relink_time: 0s
num_path_relink_calls: 0
num_homogenities: 0
num_best_improvements: 0
num_elite_improvements: 0
num_exchanges: 0
num_shakes: 0
num_resets: 0
