Custom stopping criteria not supplied by the user. Using max. time = 120s and max. stall_offset = 0
Using 1 threads for decoding
initialization time: 0.0220047
best warm start solution: 717.92
TSP tour:
0 21 19 12 42 20 37 31 23 11 15 33 32 35 6 24 22 46 49 4 44 38 39 45 9 25 43 18 30 1 7 26 3 29 14 10 48 13 16 2 17 36 40 28 34 47 8 5 41 27 
Operations:
0,12,20|20,31,33|33,49,4|4,44,7|7,16,34|34,41,0|
method: def_initPop
seed: 8434820
Instance: 1
best_fitness: 691.032
current_iteration: 6087
last_update_iteration: 99
current_time: 120.012s
last_update_time: 1.85482s
largest_iteration_offset: 64
stalled_iterations: 5988
path_relink_time: 0s
num_path_relink_calls: 0
num_homogenities: 0
num_best_improvements: 0
num_elite_improvements: 0
num_exchanges: 0
num_shakes: 0
num_resets: 0
