Custom stopping criteria not supplied by the user. Using max. time = 60s and max. stall_offset = 0
Using 1 threads for decoding
initialization time: 0.0395194
best warm start solution: 840.505
TSP tour:
0 44 18 73 15 31 62 66 33 37 30 55 64 20 5 60 56 53 54 41 11 12 63 23 47 69 24 10 72 70 46 58 48 2 6 17 34 57 16 9 38 59 3 40 7 49 61 13 51 19 4 45 43 14 52 35 27 50 36 28 22 21 71 67 29 65 68 32 26 25 1 39 74 8 42 
Operations:
0,24,10|10,72,48|48,3,40|40,7,13|13,19,14|14,36,28|28,21,67|67,68,0|
method: def_initPop
seed: 297720
Instance: 1
best_fitness: 815.403
current_iteration: 2028
last_update_iteration: 113
current_time: 60.0295s
last_update_time: 3.03972s
largest_iteration_offset: 85
stalled_iterations: 1915
path_relink_time: 0s
num_path_relink_calls: 0
num_homogenities: 0
num_best_improvements: 0
num_elite_improvements: 0
num_exchanges: 0
num_shakes: 0
num_resets: 0
