Custom stopping criteria not supplied by the user. Using max. time = 60s and max. stall_offset = 0
Using 1 threads for decoding
initialization time: 0.0327382
best warm start solution: 840.505
TSP tour:
0 24 18 44 73 15 31 66 62 33 20 37 64 30 55 5 56 60 53 11 54 41 12 63 23 47 69 10 72 70 46 58 48 2 6 17 34 3 57 16 9 38 59 40 7 49 61 13 19 51 4 45 43 14 52 35 27 50 36 28 22 71 21 67 29 68 65 32 26 25 1 39 74 8 42 
Operations:
0,24,10|10,72,48|48,3,40|40,7,13|13,19,14|14,36,28|28,21,67|67,68,0|
method: def_initPop
seed: 7515072
Instance: 1
best_fitness: 815.403
current_iteration: 2056
last_update_iteration: 119
current_time: 60.0193s
last_update_time: 3.32466s
largest_iteration_offset: 78
stalled_iterations: 1937
path_relink_time: 0s
num_path_relink_calls: 0
num_homogenities: 0
num_best_improvements: 0
num_elite_improvements: 0
num_exchanges: 0
num_shakes: 0
num_resets: 0
