Custom stopping criteria not supplied by the user. Using max. time = 60s and max. stall_offset = 0
Using 1 threads for decoding
initialization time: 0.0343996
best warm start solution: 840.505
TSP tour:
0 18 44 73 15 31 62 33 66 20 37 64 30 55 5 56 60 53 54 41 11 12 63 23 47 69 10 72 24 70 46 58 48 2 6 17 34 57 16 9 59 38 40 3 7 49 61 13 19 51 4 45 43 14 52 35 27 50 36 28 22 21 71 67 29 65 68 32 26 25 39 1 74 8 42 
Operations:
0,62,33|33,66,5|5,60,53|53,11,12|12,24,57|57,59,40|40,61,13|13,19,14|14,36,28|28,21,67|67,68,0|
method: def_initPop
seed: 8434820
Instance: 1
best_fitness: 817.165
current_iteration: 2041
last_update_iteration: 125
current_time: 60.0087s
last_update_time: 3.41918s
largest_iteration_offset: 91
stalled_iterations: 1916
path_relink_time: 0s
num_path_relink_calls: 0
num_homogenities: 0
num_best_improvements: 0
num_elite_improvements: 0
num_exchanges: 0
num_shakes: 0
num_resets: 0
