Custom stopping criteria not supplied by the user. Using max. time = 15s and max. stall_offset = 0
Using 1 threads for decoding
initialization time: 0.0242792
best warm start solution: 661.529
TSP tour:
0 51 70 49 7 1 71 32 62 74 54 37 67 5 57 50 72 73 31 40 18 41 68 43 27 45 24 64 22 34 69 44 56 10 52 47 4 58 46 38 29 9 12 48 36 28 14 11 61 2 30 6 17 3 59 23 42 15 21 33 55 53 35 65 60 13 66 19 20 16 25 26 8 39 63 
Operations:
0,51,70|70,49,7|7,71,32|32,74,54|54,37,67|67,5,57|57,50,72|72,73,40|40,41,68|68,43,27|27,45,34|34,69,44|44,56,52|52,47,4|4,29,9|9,48,14|14,61,6|6,17,3|3,59,23|23,15,33|33,55,35|35,65,60|60,13,66|66,16,25|25,26,8|8,39,0|
method: def_initPop
seed: 1764168
Instance: 1
best_fitness: 510.354
current_iteration: 751
last_update_iteration: 329
current_time: 15.0165s
last_update_time: 6.52422s
largest_iteration_offset: 147
stalled_iterations: 422
path_relink_time: 0s
num_path_relink_calls: 0
num_homogenities: 0
num_best_improvements: 0
num_elite_improvements: 0
num_exchanges: 0
num_shakes: 0
num_resets: 0
