Custom stopping criteria not supplied by the user. Using max. time = 15s and max. stall_offset = 0
Using 1 threads for decoding
initialization time: 0.192593
best warm start solution: 848.057
TSP tour:
0 31 58 37 23 47 43 28 4 13 63 19 61 57 30 10 56 15 42 17 25 21 9 51 33 18 7 5 44 55 46 8 32 69 64 50 52 71 16 3 65 73 54 6 70 24 67 14 22 62 1 27 48 45 11 35 38 12 72 53 59 60 29 34 2 49 20 26 36 39 40 41 74 66 68 
Operations:
0,31,37|37,23,43|43,28,4|4,13,63|63,19,61|61,30,10|10,15,42|42,17,25|25,21,9|21,9,51|51,33,18|18,5,44|44,55,46|46,8,32|32,69,50|50,52,16|16,3,65|65,73,54|54,6,70|70,67,14|14,22,62|62,48,11|11,38,12|12,72,53|53,59,29|29,34,49|49,20,36|36,39,41|41,74,66|66,68,0|
method: def_initPop
seed: 7515072
Instance: 1
best_fitness: 678.079
current_iteration: 788
last_update_iteration: 488
current_time: 15.0073s
last_update_time: 9.28131s
largest_iteration_offset: 319
stalled_iterations: 300
path_relink_time: 0s
num_path_relink_calls: 0
num_homogenities: 0
num_best_improvements: 0
num_elite_improvements: 0
num_exchanges: 0
num_shakes: 0
num_resets: 0
