Custom stopping criteria not supplied by the user. Using max. time = 15s and max. stall_offset = 0
Using 1 threads for decoding
initialization time: 0.0437659
best warm start solution: 487.641
TSP tour:
0 56 13 70 24 49 47 33 53 26 30 71 45 65 73 27 6 50 46 44 39 63 3 21 5 18 74 38 15 32 51 11 1 57 41 43 35 16 66 48 60 34 72 8 17 42 69 54 2 40 31 20 68 19 61 67 9 10 59 64 29 36 4 58 22 23 12 7 55 37 14 28 62 52 25 
Operations:
0,56,13|56,13,70|70,24,49|49,47,33|33,53,26|53,26,30|30,71,45|45,65,73|73,27,6|6,50,46|46,44,39|39,63,3|3,21,5|5,18,74|74,38,15|15,32,51|51,1,41|41,43,35|35,16,66|66,48,60|60,72,8|8,17,42|42,69,54|54,2,40|40,68,19|19,61,67|67,9,10|10,59,64|64,29,36|36,4,58|58,22,23|23,12,7|7,55,37|37,14,28|28,62,52|52,25,0|
method: def_initPop
seed: 2700001
Instance: 1
best_fitness: 422.414
current_iteration: 792
last_update_iteration: 125
current_time: 15.0021s
last_update_time: 2.35047s
largest_iteration_offset: 38
stalled_iterations: 667
path_relink_time: 0s
num_path_relink_calls: 0
num_homogenities: 0
num_best_improvements: 0
num_elite_improvements: 0
num_exchanges: 0
num_shakes: 0
num_resets: 0
