Custom stopping criteria not supplied by the user. Using max. time = 15s and max. stall_offset = 0
Using 1 threads for decoding
initialization time: 0.0468102
best warm start solution: 487.641
TSP tour:
0 13 56 70 24 26 49 47 33 53 71 30 45 73 18 65 50 6 27 46 21 39 44 3 63 5 74 38 57 11 32 15 51 1 41 43 35 72 48 16 66 34 17 8 60 42 69 2 54 68 40 19 31 20 67 61 59 9 10 64 29 36 4 58 22 23 12 7 14 37 55 28 62 52 25 
Operations:
0,13,56|56,70,24|70,26,49|49,47,33|33,53,71|53,71,30|30,18,65|65,50,6|6,27,46|46,21,39|39,44,3|3,63,5|5,38,57|57,32,15|15,1,41|41,43,35|35,72,48|48,16,34|34,17,8|8,60,42|42,69,2|69,2,54|54,68,40|40,19,31|31,20,67|67,61,59|59,9,10|9,10,64|64,29,36|36,4,58|58,22,23|23,12,7|7,14,37|37,55,28|28,62,52|52,25,0|
method: def_initPop
seed: 7515072
Instance: 1
best_fitness: 425.879
current_iteration: 802
last_update_iteration: 297
current_time: 15.0163s
last_update_time: 5.55221s
largest_iteration_offset: 169
stalled_iterations: 505
path_relink_time: 0s
num_path_relink_calls: 0
num_homogenities: 0
num_best_improvements: 0
num_elite_improvements: 0
num_exchanges: 0
num_shakes: 0
num_resets: 0
