Custom stopping criteria not supplied by the user. Using max. time = 15s and max. stall_offset = 0
Using 1 threads for decoding
initialization time: 0.0351006
best warm start solution: 487.641
TSP tour:
0 56 13 70 24 49 47 33 53 26 30 71 45 65 73 50 6 27 39 3 21 44 63 16 5 46 74 38 18 57 15 1 51 11 32 41 43 35 8 17 34 72 66 69 48 60 42 54 2 40 31 20 68 19 61 67 59 10 9 64 29 36 4 58 22 23 55 7 12 37 14 28 62 52 25 
Operations:
0,56,13|56,13,70|70,24,49|49,47,33|33,53,26|53,26,30|30,71,45|45,65,73|73,50,6|6,27,39|39,3,21|21,44,63|63,16,5|5,46,74|74,38,57|57,1,51|51,32,41|41,43,35|35,8,17|17,34,72|34,72,66|66,69,60|60,42,54|54,2,40|40,68,19|19,61,67|67,59,10|10,9,64|64,29,36|36,4,58|58,22,23|23,55,7|7,12,37|37,14,28|28,62,52|52,25,0|
method: def_initPop
seed: 8434820
Instance: 1
best_fitness: 414.138
current_iteration: 797
last_update_iteration: 251
current_time: 15.0118s
last_update_time: 4.72984s
largest_iteration_offset: 68
stalled_iterations: 546
path_relink_time: 0s
num_path_relink_calls: 0
num_homogenities: 0
num_best_improvements: 0
num_elite_improvements: 0
num_exchanges: 0
num_shakes: 0
num_resets: 0
