Custom stopping criteria not supplied by the user. Using max. time = 15s and max. stall_offset = 0
Using 1 threads for decoding
initialization time: 0.667695
best warm start solution: 745.099
TSP tour:
0 41 18 81 9 77 3 59 57 48 83 64 29 54 5 49 53 39 82 36 62 63 33 52 4 34 37 27 66 69 78 15 16 74 45 46 65 21 56 19 20 75 1 72 94 42 23 97 68 25 31 61 98 89 93 40 14 24 96 26 92 28 30 11 12 87 6 86 60 70 85 44 2 67 22 8 7 58 55 13 95 17 91 73 35 76 84 79 47 50 32 38 99 80 10 88 43 51 71 90 
Operations:
0,41,18|18,9,77|77,3,59|59,57,48|48,83,54|54,5,49|49,39,62|62,63,52|52,4,34|34,37,27|27,69,74|74,46,65|65,21,56|56,19,20|20,75,72|72,94,23|23,97,68|68,31,61|25,61,98|98,89,93|93,40,14|14,24,96|96,26,92|92,28,30|30,87,6|6,60,85|85,2,22|22,8,7|7,58,55|55,95,17|13,95,91|91,73,35|73,35,76|76,84,32|32,38,99|99,10,88|88,43,51|51,71,90|90,-1,0|
method: def_initPop
seed: 1764168
Instance: 1
best_fitness: 696.307
current_iteration: 522
last_update_iteration: 343
current_time: 15.0268s
last_update_time: 9.82437s
largest_iteration_offset: 96
stalled_iterations: 179
path_relink_time: 0s
num_path_relink_calls: 0
num_homogenities: 0
num_best_improvements: 0
num_elite_improvements: 0
num_exchanges: 0
num_shakes: 0
num_resets: 0
