Custom stopping criteria not supplied by the user. Using max. time = 15s and max. stall_offset = 0
Using 1 threads for decoding
initialization time: 0.0197117
best warm start solution: 628.568
TSP tour:
0 11 31 8 24 44 32 38 20 25 9 4 26 35 45 34 39 15 3 19 49 29 40 41 12 43 18 14 48 1 17 42 33 22 16 36 5 30 47 2 6 10 28 46 13 7 21 27 37 23 
Operations:
0,32,38|38,25,45|45,34,19|19,49,40|40,41,12|12,1,42|42,33,16|16,36,5|5,30,2|2,6,28|28,13,7|7,27,37|37,23,0|
method: def_initPop
seed: 1764168
Instance: 1
best_fitness: 553.055
current_iteration: 1107
last_update_iteration: 104
current_time: 15.0058s
last_update_time: 1.39984s
largest_iteration_offset: 31
stalled_iterations: 1003
path_relink_time: 0s
num_path_relink_calls: 0
num_homogenities: 0
num_best_improvements: 0
num_elite_improvements: 0
num_exchanges: 0
num_shakes: 0
num_resets: 0
