Custom stopping criteria not supplied by the user. Using max. time = 15s and max. stall_offset = 0
Using 1 threads for decoding
initialization time: 0.0228981
best warm start solution: 1043.59
TSP tour:
0 8 34 41 24 18 38 40 6 5 43 46 20 16 1 9 3 48 15 47 45 27 12 49 31 13 10 29 14 26 2 35 4 39 28 22 17 21 44 19 7 37 42 11 32 25 30 23 36 33 
Operations:
0,34,24|8,34,18|18,6,20|20,1,9|9,48,47|47,27,4|4,44,19|19,7,30|30,36,0|
method: def_initPop
seed: 297720
Instance: 1
best_fitness: 1029.07
current_iteration: 726
last_update_iteration: 89
current_time: 15.0079s
last_update_time: 1.76649s
largest_iteration_offset: 59
stalled_iterations: 637
path_relink_time: 0s
num_path_relink_calls: 0
num_homogenities: 0
num_best_improvements: 0
num_elite_improvements: 0
num_exchanges: 0
num_shakes: 0
num_resets: 0
