Custom stopping criteria not supplied by the user. Using max. time = 60s and max. stall_offset = 0
Using 1 threads for decoding
initialization time: 0.0319751
best warm start solution: 582.044
TSP tour:
0 49 28 31 7 15 22 12 25 8 18 43 38 30 26 27 39 16 17 42 4 40 24 21 33 6 2 29 10 41 3 13 37 48 44 1 23 5 47 36 46 34 9 11 14 35 32 20 45 19 
Operations:
0,28,25|25,26,4|4,24,21|21,47,35|35,45,0|
method: def_initPop
seed: 1764168
Instance: 1
best_fitness: 567.758
current_iteration: 2772
last_update_iteration: 380
current_time: 60.001s
last_update_time: 8.15919s
largest_iteration_offset: 186
stalled_iterations: 2392
path_relink_time: 0s
num_path_relink_calls: 0
num_homogenities: 0
num_best_improvements: 0
num_elite_improvements: 0
num_exchanges: 0
num_shakes: 0
num_resets: 0
