Custom stopping criteria not supplied by the user. Using max. time = 30s and max. stall_offset = 0
Using 1 threads for decoding
initialization time: 0.0327703
best warm start solution: 651.006
TSP tour:
0 21 27 16 17 34 37 33 35 22 45 49 47 6 1 9 43 25 13 2 38 20 5 32 19 28 24 3 42 23 36 14 30 8 44 15 26 18 31 11 40 7 39 41 4 48 10 12 29 46 
Operations:
0,21,27|27,16,17|17,34,37|37,33,35|35,22,49|49,6,25|25,13,38|38,5,32|32,19,28|28,23,14|14,8,44|44,15,26|26,18,0|
method: def_initPop
seed: 297720
Instance: 1
best_fitness: 560.255
current_iteration: 2206
last_update_iteration: 117
current_time: 30.0072s
last_update_time: 1.57651s
largest_iteration_offset: 31
stalled_iterations: 2089
path_relink_time: 0s
num_path_relink_calls: 0
num_homogenities: 0
num_best_improvements: 0
num_elite_improvements: 0
num_exchanges: 0
num_shakes: 0
num_resets: 0
