Custom stopping criteria not supplied by the user. Using max. time = 15s and max. stall_offset = 0
Using 1 threads for decoding
initialization time: 0.109914
best warm start solution: 1285.55
TSP tour:
0 72 13 74 46 76 65 27 11 26 66 35 40 83 56 28 81 77 64 95 25 1 60 44 75 34 62 2 8 24 73 6 85 78 49 82 9 93 42 98 38 96 69 68 32 94 36 51 61 48 41 58 99 37 50 5 70 43 18 67 14 33 10 52 30 54 59 29 7 90 47 86 17 53 31 92 87 4 91 15 39 3 80 20 89 45 55 19 97 23 88 71 63 16 21 79 12 84 57 22 
Operations:
0,13,46|46,76,27|27,11,26|26,56,64|64,95,1|1,60,44|44,75,34|34,62,6|6,78,49|49,82,93|93,98,38|38,69,68|68,32,94|94,36,51|51,99,37|37,50,5|5,70,43|43,18,67|67,14,33|33,30,59|10,30,29|29,53,87|87,91,39|39,3,80|80,89,45|45,55,19|19,97,23|23,88,63|63,16,79|79,84,57|57,22,0|
method: def_initPop
seed: 2700001
Instance: 1
best_fitness: 1141.17
current_iteration: 484
last_update_iteration: 201
current_time: 15.0303s
last_update_time: 6.07148s
largest_iteration_offset: 72
stalled_iterations: 283
path_relink_time: 0s
num_path_relink_calls: 0
num_homogenities: 0
num_best_improvements: 0
num_elite_improvements: 0
num_exchanges: 0
num_shakes: 0
num_resets: 0
