Custom stopping criteria not supplied by the user. Using max. time = 15s and max. stall_offset = 0
Using 1 threads for decoding
initialization time: 0.0154434
best warm start solution: 432.682
TSP tour:
0 46 14 31 47 36 23 41 16 28 30 34 38 2 35 37 12 4 48 9 5 42 32 19 11 49 29 20 26 13 6 10 21 45 40 22 3 43 39 18 8 27 17 7 33 24 44 15 1 25 
Operations:
0,46,14|14,47,36|36,23,41|41,16,28|28,30,34|34,38,2|2,35,37|37,4,9|9,5,42|42,32,19|19,11,49|49,29,26|26,13,6|6,21,45|45,40,22|22,43,39|39,18,8|8,27,7|7,33,24|24,44,1|1,25,0|
method: def_initPop
seed: 1764168
Instance: 1
best_fitness: 360.522
current_iteration: 1260
last_update_iteration: 132
current_time: 15.0051s
last_update_time: 1.56559s
largest_iteration_offset: 22
stalled_iterations: 1128
path_relink_time: 0s
num_path_relink_calls: 0
num_homogenities: 0
num_best_improvements: 0
num_elite_improvements: 0
num_exchanges: 0
num_shakes: 0
num_resets: 0
