Custom stopping criteria not supplied by the user. Using max. time = 15s and max. stall_offset = 0
Using 1 threads for decoding
initialization time: 0.0250632
best warm start solution: 787.237
TSP tour:
0 19 11 12 28 34 36 31 39 42 10 4 15 35 43 8 41 24 23 17 5 30 22 18 9 2 38 49 16 27 48 7 6 33 20 13 3 26 37 29 44 25 32 45 1 47 21 14 46 40 
Operations:
0,19,11|11,12,28|28,34,36|36,4,15|15,35,43|43,8,41|41,24,17|17,5,30|30,22,18|18,9,2|2,49,27|27,48,7|7,6,33|33,13,3|3,37,29|29,44,25|25,32,1|1,47,21|21,14,46|46,40,0|
method: def_initPop
seed: 7515072
Instance: 1
best_fitness: 626.412
current_iteration: 1197
last_update_iteration: 577
current_time: 15.0069s
last_update_time: 7.24461s
largest_iteration_offset: 456
stalled_iterations: 620
path_relink_time: 0s
num_path_relink_calls: 0
num_homogenities: 0
num_best_improvements: 0
num_elite_improvements: 0
num_exchanges: 0
num_shakes: 0
num_resets: 0
