Custom stopping criteria not supplied by the user. Using max. time = 60s and max. stall_offset = 0
Using 1 threads for decoding
initialization time: 0.0295994
best warm start solution: 1008.19
TSP tour:
0 13 10 1 6 15 46 28 32 39 9 3 40 38 41 26 19 45 7 27 49 21 11 23 30 12 22 5 24 44 37 20 35 43 47 42 25 2 31 8 34 36 48 14 33 18 16 17 4 29 
Operations:
0,6,9|9,38,41|41,21,11|11,12,24|24,44,43|43,36,48|48,14,0|
method: def_initPop
seed: 7515072
Instance: 1
best_fitness: 970.937
current_iteration: 2942
last_update_iteration: 369
current_time: 60.0111s
last_update_time: 7.47536s
largest_iteration_offset: 286
stalled_iterations: 2573
path_relink_time: 0s
num_path_relink_calls: 0
num_homogenities: 0
num_best_improvements: 0
num_elite_improvements: 0
num_exchanges: 0
num_shakes: 0
num_resets: 0
