Custom stopping criteria not supplied by the user. Using max. time = 15s and max. stall_offset = 0
Using 1 threads for decoding
initialization time: 0.0366329
best warm start solution: 825.859
TSP tour:
0 50 69 3 65 56 68 4 41 39 40 64 59 48 15 5 46 9 8 19 74 61 49 2 47 26 28 7 23 67 36 33 18 34 38 43 66 72 13 53 12 52 51 6 20 16 17 35 37 58 22 73 62 1 32 30 45 55 21 71 57 24 29 44 42 14 60 27 70 11 54 10 63 25 31 
Operations:
0,50,69|69,3,65|65,56,68|68,4,41|41,39,40|40,64,59|59,48,15|15,5,46|46,9,8|8,74,61|61,2,47|47,26,28|28,7,23|23,33,34|34,38,66|66,13,53|53,12,52|52,6,20|20,16,17|17,35,58|58,22,73|73,62,1|1,32,30|30,45,55|55,21,71|71,57,24|24,29,44|44,42,14|14,60,27|27,70,54|54,10,63|63,25,31|25,31,0|
method: def_initPop
seed: 7515072
Instance: 1
best_fitness: 695.145
current_iteration: 773
last_update_iteration: 353
current_time: 15.0079s
last_update_time: 6.84618s
largest_iteration_offset: 85
stalled_iterations: 420
path_relink_time: 0s
num_path_relink_calls: 0
num_homogenities: 0
num_best_improvements: 0
num_elite_improvements: 0
num_exchanges: 0
num_shakes: 0
num_resets: 0
