Custom stopping criteria not supplied by the user. Using max. time = 240s and max. stall_offset = 0
Using 1 threads for decoding
initialization time: 0.0308412
best warm start solution: 1084.42
TSP tour:
0 33 24 18 40 47 15 41 8 43 35 38 19 32 48 3 44 45 5 28 30 21 11 46 10 42 13 23 20 27 26 34 7 12 1 2 16 39 17 14 49 4 25 37 6 9 22 31 29 36 
Operations:
0,40,41|41,28,30|30,21,13|13,16,17|17,22,0|
method: def_initPop
seed: 7515072
Instance: 1
best_fitness: 1069.56
current_iteration: 11900
last_update_iteration: 136
current_time: 240.019s
last_update_time: 2.68721s
largest_iteration_offset: 81
stalled_iterations: 11764
path_relink_time: 0s
num_path_relink_calls: 0
num_homogenities: 0
num_best_improvements: 0
num_elite_improvements: 0
num_exchanges: 0
num_shakes: 0
num_resets: 0
