Custom stopping criteria not supplied by the user. Using max. time = 30s and max. stall_offset = 0
Using 1 threads for decoding
initialization time: 0.0197321
best warm start solution: 424.611
TSP tour:
0 14 22 27 32 25 24 40 23 39 33 12 15 4 3 17 18 10 43 36 37 5 47 28 8 13 21 7 19 20 6 44 1 2 26 45 42 16 48 35 41 38 9 30 11 46 31 29 49 34 
Operations:
0,14,22|22,27,32|32,24,40|40,39,33|33,12,15|15,4,3|3,17,18|18,10,43|43,36,37|36,37,5|5,8,13|13,21,7|7,19,20|20,6,2|2,26,45|45,42,16|16,48,41|41,38,9|9,30,46|46,31,49|49,34,0|
method: def_initPop
seed: 297720
Instance: 1
best_fitness: 372.648
current_iteration: 2534
last_update_iteration: 160
current_time: 30.0105s
last_update_time: 1.89069s
largest_iteration_offset: 47
stalled_iterations: 2374
path_relink_time: 0s
num_path_relink_calls: 0
num_homogenities: 0
num_best_improvements: 0
num_elite_improvements: 0
num_exchanges: 0
num_shakes: 0
num_resets: 0
