Custom stopping criteria not supplied by the user. Using max. time = 15s and max. stall_offset = 0
Using 1 threads for decoding
initialization time: 0.0453167
best warm start solution: 551.835
TSP tour:
0 19 49 11 33 51 38 52 41 28 45 58 50 34 74 22 31 46 63 40 9 7 39 42 60 17 13 26 54 3 36 15 65 6 30 4 72 8 12 43 20 64 61 69 1 68 5 25 27 24 71 2 59 70 56 66 21 23 67 62 32 57 29 35 18 53 37 44 16 14 73 10 48 55 47 
Operations:
0,19,49|49,11,33|33,51,38|38,52,41|41,28,45|45,58,50|50,34,74|74,46,63|63,9,7|7,39,42|42,60,17|17,13,54|54,3,36|36,15,65|65,4,72|72,8,12|12,43,20|20,61,69|69,1,68|68,5,25|25,27,24|24,71,2|2,59,70|70,56,66|66,21,67|67,62,32|32,57,29|29,35,18|18,53,37|37,44,16|16,14,73|73,10,48|48,47,0|
method: def_initPop
seed: 7515072
Instance: 1
best_fitness: 484.749
current_iteration: 792
last_update_iteration: 337
current_time: 15.0118s
last_update_time: 6.37535s
largest_iteration_offset: 110
stalled_iterations: 455
path_relink_time: 0s
num_path_relink_calls: 0
num_homogenities: 0
num_best_improvements: 0
num_elite_improvements: 0
num_exchanges: 0
num_shakes: 0
num_resets: 0
