Custom stopping criteria not supplied by the user. Using max. time = 15s and max. stall_offset = 0
Using 1 threads for decoding
initialization time: 0.0247642
best warm start solution: 478.47
TSP tour:
0 34 23 19 35 28 22 37 9 1 5 44 25 48 2 42 45 40 33 26 12 10 27 17 3 39 32 47 36 7 20 29 8 15 21 31 46 13 38 6 11 24 43 30 49 16 41 14 18 4 
Operations:
0,34,23|23,19,35|35,28,22|22,37,9|9,1,5|5,44,25|25,2,42|42,45,40|40,33,26|26,17,39|39,32,47|47,36,20|20,29,15|15,21,31|31,46,13|13,38,11|11,24,43|43,30,16|16,41,14|14,4,0|
method: def_initPop
seed: 297720
Instance: 1
best_fitness: 418.497
current_iteration: 1172
last_update_iteration: 109
current_time: 15.0001s
last_update_time: 1.39392s
largest_iteration_offset: 33
stalled_iterations: 1063
path_relink_time: 0s
num_path_relink_calls: 0
num_homogenities: 0
num_best_improvements: 0
num_elite_improvements: 0
num_exchanges: 0
num_shakes: 0
num_resets: 0
