Custom stopping criteria not supplied by the user. Using max. time = 15s and max. stall_offset = 0
Using 1 threads for decoding
initialization time: 0.0430664
best warm start solution: 861.575
TSP tour:
0 45 25 10 33 48 32 9 1 37 34 2 31 43 7 42 21 15 36 47 11 13 23 17 14 26 39 35 3 5 20 41 16 12 46 4 6 44 28 22 18 27 40 19 8 24 29 38 30 49 
Operations:
0,45,9|9,2,31|31,43,7|7,21,15|15,36,47|47,11,13|13,17,26|26,35,5|5,20,41|41,46,4|4,6,44|44,28,22|22,18,27|27,40,19|19,8,24|24,29,38|38,49,0|
method: def_initPop
seed: 8434820
Instance: 1
best_fitness: 750.661
current_iteration: 1090
last_update_iteration: 105
current_time: 15.0003s
last_update_time: 1.43692s
largest_iteration_offset: 25
stalled_iterations: 985
path_relink_time: 0s
num_path_relink_calls: 0
num_homogenities: 0
num_best_improvements: 0
num_elite_improvements: 0
num_exchanges: 0
num_shakes: 0
num_resets: 0
