Custom stopping criteria not supplied by the user. Using max. time = 15s and max. stall_offset = 0
Using 1 threads for decoding
initialization time: 0.0209893
best warm start solution: 882.702
TSP tour:
0 25 37 43 44 2 42 45 29 9 18 49 32 34 8 20 14 48 36 5 4 46 38 35 19 22 27 21 13 40 24 11 10 33 26 3 30 23 16 1 7 6 41 39 12 31 47 28 15 17 
Operations:
0,42,45|45,9,18|18,49,34|34,8,20|20,48,36|36,38,27|27,21,13|13,24,11|11,33,3|3,30,1|1,7,6|6,31,47|47,28,15|15,17,0|
method: def_initPop
seed: 8434820
Instance: 1
best_fitness: 837.619
current_iteration: 1122
last_update_iteration: 288
current_time: 15.009s
last_update_time: 3.85013s
largest_iteration_offset: 182
stalled_iterations: 834
path_relink_time: 0s
num_path_relink_calls: 0
num_homogenities: 0
num_best_improvements: 0
num_elite_improvements: 0
num_exchanges: 0
num_shakes: 0
num_resets: 0
