Custom stopping criteria not supplied by the user. Using max. time = 15s and max. stall_offset = 0
Using 1 threads for decoding
initialization time: 0.0464754
best warm start solution: 775.686
TSP tour:
0 44 73 15 31 62 33 66 20 30 64 37 55 5 56 60 53 54 41 11 12 63 69 23 47 72 10 46 70 58 2 48 6 17 34 16 57 9 38 59 3 49 7 40 61 4 51 19 14 43 45 13 52 35 27 50 36 28 22 71 67 68 29 21 24 65 26 32 25 39 1 74 18 8 42 
Operations:
0,44,15|15,62,33|33,66,37|37,55,5|5,56,60|60,53,54|54,41,11|41,11,12|12,69,23|23,72,10|10,46,70|70,58,2|2,48,17|17,34,16|16,57,59|59,49,7|7,61,4|4,19,45|45,13,50|50,36,28|28,68,21|21,24,26|26,32,39|39,1,74|74,18,0|
method: def_initPop
seed: 7515072
Instance: 1
best_fitness: 664.713
current_iteration: 671
last_update_iteration: 372
current_time: 15.0062s
last_update_time: 8.30972s
largest_iteration_offset: 234
stalled_iterations: 299
path_relink_time: 0s
num_path_relink_calls: 0
num_homogenities: 0
num_best_improvements: 0
num_elite_improvements: 0
num_exchanges: 0
num_shakes: 0
num_resets: 0
