Custom stopping criteria not supplied by the user. Using max. time = 120s and max. stall_offset = 0
Using 1 threads for decoding
initialization time: 0.0564287
best warm start solution: 791.754
TSP tour:
0 4 3 40 49 27 5 21 28 35 1 17 36 8 23 13 39 41 47 25 2 19 43 11 18 24 46 33 44 7 9 34 42 38 6 32 31 15 22 45 16 26 14 29 48 30 12 37 20 10 
Operations:
0,4,3|3,40,49|49,35,1|1,17,36|36,13,25|25,2,19|19,43,11|11,18,24|24,33,44|44,7,9|9,34,42|42,38,6|6,32,31|32,31,15|15,22,45|22,45,16|16,26,29|29,48,30|30,37,20|20,10,0|
method: def_initPop
seed: 8434820
Instance: 1
best_fitness: 740.427
current_iteration: 8829
last_update_iteration: 122
current_time: 120.004s
last_update_time: 1.64787s
largest_iteration_offset: 45
stalled_iterations: 8707
path_relink_time: 0s
num_path_relink_calls: 0
num_homogenities: 0
num_best_improvements: 0
num_elite_improvements: 0
num_exchanges: 0
num_shakes: 0
num_resets: 0
