Custom stopping criteria not supplied by the user. Using max. time = 15s and max. stall_offset = 0
Using 1 threads for decoding
initialization time: 0.0505899
best warm start solution: 481.958
TSP tour:
0 20 44 17 45 21 29 40 14 22 36 47 48 12 32 37 1 23 3 13 49 41 27 26 30 2 43 15 9 35 31 33 34 11 24 7 8 16 28 6 19 10 42 39 4 46 38 5 18 25 
Operations:
0,20,44|20,45,21|21,29,14|14,36,47|47,48,12|12,32,37|37,23,3|3,13,49|49,41,27|27,26,30|30,15,9|9,35,31|31,33,11|11,24,7|7,8,16|16,28,6|6,19,10|10,42,39|39,4,38|38,5,18|18,25,0|
method: def_initPop
seed: 297720
Instance: 1
best_fitness: 407.068
current_iteration: 1265
last_update_iteration: 321
current_time: 15.0091s
last_update_time: 3.80434s
largest_iteration_offset: 57
stalled_iterations: 944
path_relink_time: 0s
num_path_relink_calls: 0
num_homogenities: 0
num_best_improvements: 0
num_elite_improvements: 0
num_exchanges: 0
num_shakes: 0
num_resets: 0
