Custom stopping criteria not supplied by the user. Using max. time = 15s and max. stall_offset = 0
Using 1 threads for decoding
initialization time: 0.0424605
best warm start solution: 481.958
TSP tour:
0 20 25 44 17 42 21 40 36 14 22 29 48 47 45 12 37 1 32 3 49 27 13 30 41 2 43 9 15 35 23 31 33 34 11 26 7 8 16 28 6 19 10 4 39 46 24 38 18 5 
Operations:
0,20,25|20,25,44|44,42,40|40,36,14|14,22,29|22,29,48|48,45,12|12,37,1|1,32,3|3,49,27|27,13,30|30,41,9|9,15,35|35,23,31|31,33,34|34,26,7|7,8,16|16,28,6|6,19,10|10,4,46|46,24,18|18,5,0|
method: def_initPop
seed: 8434820
Instance: 1
best_fitness: 409.392
current_iteration: 1269
last_update_iteration: 194
current_time: 15.0041s
last_update_time: 2.29353s
largest_iteration_offset: 39
stalled_iterations: 1075
path_relink_time: 0s
num_path_relink_calls: 0
num_homogenities: 0
num_best_improvements: 0
num_elite_improvements: 0
num_exchanges: 0
num_shakes: 0
num_resets: 0
