Custom stopping criteria not supplied by the user. Using max. time = 60s and max. stall_offset = 0
Using 1 threads for decoding
initialization time: 0.00761763
best warm start solution: 448.893
TSP tour:
0 22 19 36 35 28 16 10 47 33 48 32 44 42 29 9 4 11 38 2 49 26 40 34 31 30 20 27 3 21 46 37 17 14 39 15 7 41 1 8 24 5 12 25 18 23 43 45 13 6 
Operations:
0,36,28|28,16,10|10,33,48|48,44,42|42,29,9|9,4,11|11,38,49|49,40,31|31,30,20|20,3,21|21,37,17|17,-1,14|14,39,15|15,41,1|1,8,24|24,5,25|25,18,43|43,45,13|13,6,0|
method: def_initPop
seed: 297720
Instance: 1
best_fitness: 411.231
current_iteration: 6917
last_update_iteration: 964
current_time: 60.0003s
last_update_time: 8.32463s
largest_iteration_offset: 842
stalled_iterations: 5953
path_relink_time: 0s
num_path_relink_calls: 0
num_homogenities: 0
num_best_improvements: 0
num_elite_improvements: 0
num_exchanges: 0
num_shakes: 0
num_resets: 0
