Custom stopping criteria not supplied by the user. Using max. time = 60s and max. stall_offset = 0
Using 1 threads for decoding
initialization time: 0.00717839
best warm start solution: 448.893
TSP tour:
0 13 22 23 19 35 28 16 10 47 33 48 44 32 42 29 9 4 11 38 2 49 26 40 34 31 30 20 36 27 3 21 46 14 17 39 15 37 7 41 1 5 24 8 12 25 45 43 6 18 
Operations:
0,23,19|19,35,28|28,16,10|10,33,48|48,44,42|42,29,9|9,4,11|11,38,49|49,40,31|31,30,20|20,36,27|27,3,46|46,14,17|17,39,15|15,37,7|7,41,1|1,5,24|24,8,25|25,45,43|43,18,0|
method: def_initPop
seed: 2700001
Instance: 1
best_fitness: 410.899
current_iteration: 6967
last_update_iteration: 126
current_time: 60.0079s
last_update_time: 1.15902s
largest_iteration_offset: 47
stalled_iterations: 6841
path_relink_time: 0s
num_path_relink_calls: 0
num_homogenities: 0
num_best_improvements: 0
num_elite_improvements: 0
num_exchanges: 0
num_shakes: 0
num_resets: 0
