Custom stopping criteria not supplied by the user. Using max. time = 15s and max. stall_offset = 0
Using 1 threads for decoding
initialization time: 0.0335567
best warm start solution: 549.238
TSP tour:
0 16 53 61 9 60 37 36 70 3 43 17 35 18 51 1 66 74 30 69 38 55 40 28 26 63 58 24 71 72 22 54 8 50 27 64 47 19 49 59 34 52 20 65 5 29 14 42 23 48 73 2 46 31 56 44 13 39 57 67 11 62 15 12 7 68 33 4 41 32 45 10 25 6 21 
Operations:
0,16,53|53,60,37|37,70,17|17,18,51|51,1,66|66,74,30|30,69,38|69,38,55|55,40,28|28,26,24|24,71,72|72,22,54|54,50,27|27,64,19|19,49,59|59,34,52|52,65,5|5,29,42|42,23,48|48,46,56|56,57,67|67,11,15|15,12,33|33,4,41|41,32,45|45,10,25|25,6,0|
method: def_initPop
seed: 7515072
Instance: 1
best_fitness: 468.372
current_iteration: 682
last_update_iteration: 361
current_time: 15.0067s
last_update_time: 7.91045s
largest_iteration_offset: 59
stalled_iterations: 321
path_relink_time: 0s
num_path_relink_calls: 0
num_homogenities: 0
num_best_improvements: 0
num_elite_improvements: 0
num_exchanges: 0
num_shakes: 0
num_resets: 0
