Custom stopping criteria not supplied by the user. Using max. time = 15s and max. stall_offset = 0
Using 1 threads for decoding
initialization time: 0.0456389
best warm start solution: 1120.28
TSP tour:
0 7 25 51 68 50 37 33 17 13 61 47 71 48 16 22 63 27 74 28 8 70 54 26 58 60 29 46 12 53 52 34 10 19 32 20 43 65 5 36 21 69 4 55 40 23 45 57 66 38 30 44 39 62 67 56 41 15 73 42 3 72 24 14 59 18 6 64 49 31 9 35 1 2 11 
Operations:
0,25,71|71,27,58|58,34,10|10,32,55|55,62,73|73,3,72|72,14,18|18,64,11|6,64,0|
method: def_initPop
seed: 2700001
Instance: 1
best_fitness: 1101.13
current_iteration: 365
last_update_iteration: 120
current_time: 15.0028s
last_update_time: 4.69533s
largest_iteration_offset: 93
stalled_iterations: 245
path_relink_time: 0s
num_path_relink_calls: 0
num_homogenities: 0
num_best_improvements: 0
num_elite_improvements: 0
num_exchanges: 0
num_shakes: 0
num_resets: 0
