Custom stopping criteria not supplied by the user. Using max. time = 120s and max. stall_offset = 0
Using 1 threads for decoding
initialization time: 0.0353091
best warm start solution: 658.297
TSP tour:
0 25 10 9 27 36 38 32 48 35 14 31 18 43 49 21 17 26 44 23 13 4 46 29 30 5 8 42 2 45 22 20 6 33 37 3 39 47 1 11 15 16 40 28 34 12 24 19 7 41 
Operations:
0,25,10|10,9,27|27,36,38|38,32,48|48,35,14|14,31,18|18,49,21|21,26,44|44,23,13|13,4,46|46,29,30|30,5,8|8,42,2|2,45,22|22,20,33|33,37,3|3,39,47|47,11,15|15,16,40|40,28,34|34,12,24|12,24,19|19,41,0|
method: def_initPop
seed: 8434820
Instance: 1
best_fitness: 512.363
current_iteration: 9977
last_update_iteration: 511
current_time: 120.001s
last_update_time: 6.15004s
largest_iteration_offset: 165
stalled_iterations: 9466
path_relink_time: 0s
num_path_relink_calls: 0
num_homogenities: 0
num_best_improvements: 0
num_elite_improvements: 0
num_exchanges: 0
num_shakes: 0
num_resets: 0
