Custom stopping criteria not supplied by the user. Using max. time = 15s and max. stall_offset = 0
Using 1 threads for decoding
initialization time: 0.0170115
best warm start solution: 621.48
TSP tour:
0 6 2 20 29 12 42 46 31 7 28 36 23 25 38 41 40 39 33 32 49 11 14 47 5 21 15 19 4 34 45 35 24 26 8 3 10 22 44 48 17 16 18 13 9 1 43 37 27 30 
Operations:
0,20,29|29,12,42|42,46,31|31,7,36|36,41,40|40,11,14|14,5,34|34,26,8|8,44,48|48,17,16|16,13,9|9,43,37|37,30,0|
method: def_initPop
seed: 297720
Instance: 1
best_fitness: 553.483
current_iteration: 1133
last_update_iteration: 365
current_time: 15.0015s
last_update_time: 4.83471s
largest_iteration_offset: 77
stalled_iterations: 768
path_relink_time: 0s
num_path_relink_calls: 0
num_homogenities: 0
num_best_improvements: 0
num_elite_improvements: 0
num_exchanges: 0
num_shakes: 0
num_resets: 0
