Custom stopping criteria not supplied by the user. Using max. time = 30s and max. stall_offset = 0
Using 1 threads for decoding
initialization time: 0.0186122
best warm start solution: 435.049
TSP tour:
0 14 46 31 36 47 16 23 41 28 34 30 38 2 4 35 37 12 48 9 5 42 32 19 11 49 20 26 21 13 29 6 10 45 22 27 40 43 39 3 8 18 17 33 7 44 24 15 25 1 
Operations:
0,46,36|36,47,16|16,23,28|28,34,30|30,38,2|2,4,37|37,12,48|48,5,42|42,32,19|19,11,20|20,21,13|13,29,10|10,27,40|40,43,39|39,3,8|8,18,17|17,33,7|7,44,15|15,25,1|1,-1,0|
method: def_initPop
seed: 297720
Instance: 1
best_fitness: 392.058
current_iteration: 2340
last_update_iteration: 85
current_time: 30.0056s
last_update_time: 1.09501s
largest_iteration_offset: 25
stalled_iterations: 2255
path_relink_time: 0s
num_path_relink_calls: 0
num_homogenities: 0
num_best_improvements: 0
num_elite_improvements: 0
num_exchanges: 0
num_shakes: 0
num_resets: 0
