Custom stopping criteria not supplied by the user. Using max. time = 60s and max. stall_offset = 0
Using 1 threads for decoding
initialization time: 0.0277389
best warm start solution: 1038.53
TSP tour:
0 46 15 40 25 4 11 65 41 54 6 8 39 47 63 5 51 23 73 42 17 31 26 74 35 52 53 71 21 44 36 28 10 29 13 1 20 68 3 60 57 62 12 14 55 64 58 66 72 19 30 61 50 48 34 56 9 49 43 16 37 59 33 24 70 45 67 27 18 7 2 69 32 22 38 
Operations:
0,46,40|40,25,11|11,65,6|6,47,5|5,23,73|73,42,31|31,74,53|53,71,44|44,36,28|28,10,29|29,13,1|1,3,60|60,57,12|12,14,55|55,64,66|66,19,48|48,34,56|56,9,49|49,43,16|16,37,59|59,33,70|70,45,18|18,2,69|69,32,22|22,38,0|
method: def_initPop
seed: 8434820
Instance: 1
best_fitness: 895.84
current_iteration: 3543
last_update_iteration: 317
current_time: 60.0068s
last_update_time: 5.35716s
largest_iteration_offset: 74
stalled_iterations: 3226
path_relink_time: 0s
num_path_relink_calls: 0
num_homogenities: 0
num_best_improvements: 0
num_elite_improvements: 0
num_exchanges: 0
num_shakes: 0
num_resets: 0
