Custom stopping criteria not supplied by the user. Using max. time = 15s and max. stall_offset = 0
Using 1 threads for decoding
initialization time: 0.0289153
best warm start solution: 424.611
TSP tour:
0 14 22 40 32 24 25 23 12 33 4 15 17 3 10 18 39 43 36 37 5 47 8 28 13 21 7 6 20 19 44 1 26 2 42 45 30 16 35 48 41 38 9 34 11 31 46 29 49 27 
Operations:
0,14,22|22,40,32|32,24,23|23,12,33|33,4,15|15,17,3|3,10,18|18,39,36|36,37,5|5,8,13|13,21,7|7,6,20|20,19,44|44,26,2|2,42,45|45,30,35|35,48,38|38,9,34|34,11,31|31,46,29|29,49,27|49,27,0|
method: def_initPop
seed: 2700001
Instance: 1
best_fitness: 374.927
current_iteration: 1271
last_update_iteration: 114
current_time: 15.0076s
last_update_time: 1.34529s
largest_iteration_offset: 42
stalled_iterations: 1157
path_relink_time: 0s
num_path_relink_calls: 0
num_homogenities: 0
num_best_improvements: 0
num_elite_improvements: 0
num_exchanges: 0
num_shakes: 0
num_resets: 0
