Custom stopping criteria not supplied by the user. Using max. time = 60s and max. stall_offset = 0
Using 1 threads for decoding
initialization time: 0.0385499
best warm start solution: 551.835
TSP tour:
0 19 49 33 38 11 51 41 57 32 28 62 45 29 35 52 18 37 16 44 68 25 27 24 71 4 2 59 70 56 23 66 21 67 50 34 58 46 74 22 31 7 63 9 40 42 39 17 26 13 54 3 15 60 36 65 6 30 72 8 12 20 43 64 61 69 1 5 14 73 47 53 10 48 55 
Operations:
0,19,49|49,38,11|11,51,41|51,41,57|57,28,62|62,45,35|35,52,18|52,18,37|37,16,68|68,27,24|24,71,2|2,59,70|70,56,23|23,66,21|21,67,50|50,34,58|58,46,22|22,7,63|63,9,42|42,39,17|17,13,54|54,3,15|15,60,72|72,8,20|20,43,64|64,61,1|1,5,14|14,73,47|47,53,10|10,48,55|55,-1,0|
method: def_initPop
seed: 2700001
Instance: 1
best_fitness: 509.492
current_iteration: 2770
last_update_iteration: 324
current_time: 60.0028s
last_update_time: 6.95795s
largest_iteration_offset: 102
stalled_iterations: 2446
path_relink_time: 0s
num_path_relink_calls: 0
num_homogenities: 0
num_best_improvements: 0
num_elite_improvements: 0
num_exchanges: 0
num_shakes: 0
num_resets: 0
