Custom stopping criteria not supplied by the user. Using max. time = 60s and max. stall_offset = 0
Using 1 threads for decoding
initialization time: 0.0482535
best warm start solution: 551.87
TSP tour:
0 95 54 82 46 44 11 32 52 94 8 50 60 70 41 43 47 5 53 90 2 85 72 17 75 35 91 19 81 27 33 61 48 84 6 71 28 83 57 36 40 64 68 76 24 22 97 92 38 42 55 63 26 87 73 59 10 21 9 12 99 1 77 14 93 18 30 29 4 31 58 39 89 66 15 80 67 56 69 37 16 74 7 34 65 88 3 62 98 23 20 86 51 96 45 49 25 79 78 13 
Operations:
0,95,46|46,44,11|11,52,8|8,50,70|70,41,43|43,47,5|5,2,85|85,17,75|75,91,19|19,81,27|27,-1,33|33,61,48|48,84,71|71,28,83|83,57,36|36,40,64|64,76,24|24,22,97|97,92,38|38,55,63|63,87,73|73,59,10|10,21,9|9,12,99|99,1,77|77,14,93|93,18,30|30,29,4|4,31,39|39,89,66|66,15,80|80,56,37|37,16,74|74,7,34|34,-1,65|65,88,3|3,62,98|98,20,86|86,51,96|96,-1,45|45,49,25|25,79,78|78,13,0|
method: def_initPop
seed: 7515072
Instance: 1
best_fitness: 490.37
current_iteration: 3387
last_update_iteration: 466
current_time: 60.0036s
last_update_time: 8.20081s
largest_iteration_offset: 120
stalled_iterations: 2921
path_relink_time: 0s
num_path_relink_calls: 0
num_homogenities: 0
num_best_improvements: 0
num_elite_improvements: 0
num_exchanges: 0
num_shakes: 0
num_resets: 0
