Custom stopping criteria not supplied by the user. Using max. time = 60s and max. stall_offset = 0
Using 1 threads for decoding
initialization time: 0.0172491
best warm start solution: 481.087
TSP tour:
0 35 3 4 5 18 14 7 39 43 15 31 21 25 11 6 47 16 29 49 46 28 26 1 48 45 40 38 9 20 22 13 10 8 36 24 41 30 37 34 32 33 12 42 17 2 19 44 23 27 
Operations:
0,4,18|18,31,21|21,11,28|28,26,1|1,20,13|13,30,37|37,-1,34|34,12,42|42,17,0|
method: def_initPop
seed: 8434820
Instance: 1
best_fitness: 471.377
current_iteration: 4538
last_update_iteration: 107
current_time: 60.0083s
last_update_time: 1.34219s
largest_iteration_offset: 61
stalled_iterations: 4431
path_relink_time: 0s
num_path_relink_calls: 0
num_homogenities: 0
num_best_improvements: 0
num_elite_improvements: 0
num_exchanges: 0
num_shakes: 0
num_resets: 0
