Custom stopping criteria not supplied by the user. Using max. time = 15s and max. stall_offset = 0
Using 1 threads for decoding
initialization time: 0.0260088
best warm start solution: 947.365
TSP tour:
0 11 12 28 10 31 42 39 36 34 8 4 35 15 43 41 23 17 24 30 22 18 2 38 9 5 16 27 49 48 7 6 33 20 3 26 13 37 44 29 25 32 45 1 47 21 14 46 40 19 
Operations:
0,8,4|11,10,31|31,39,36|36,8,15|15,41,23|23,24,2|2,5,49|49,6,20|20,37,44|44,32,1|1,47,0|
method: def_initPop
seed: 2700001
Instance: 1
best_fitness: 903.21
current_iteration: 760
last_update_iteration: 163
current_time: 15.0046s
last_update_time: 3.16144s
largest_iteration_offset: 72
stalled_iterations: 597
path_relink_time: 0s
num_path_relink_calls: 0
num_homogenities: 0
num_best_improvements: 0
num_elite_improvements: 0
num_exchanges: 0
num_shakes: 0
num_resets: 0
