Custom stopping criteria not supplied by the user. Using max. time = 15s and max. stall_offset = 0
Using 1 threads for decoding
initialization time: 0.0252981
best warm start solution: 947.365
TSP tour:
0 11 12 28 10 31 39 42 36 8 34 4 35 15 43 41 23 17 24 30 22 18 2 5 38 16 9 48 49 6 27 7 33 20 3 26 13 37 44 29 25 45 32 1 21 47 14 46 40 19 
Operations:
0,8,4|11,10,31|31,42,36|36,8,15|15,41,23|23,24,2|2,5,49|49,6,20|20,37,44|44,32,1|1,47,0|
method: def_initPop
seed: 8434820
Instance: 1
best_fitness: 902.172
current_iteration: 762
last_update_iteration: 182
current_time: 15.017s
last_update_time: 3.54721s
largest_iteration_offset: 68
stalled_iterations: 580
path_relink_time: 0s
num_path_relink_calls: 0
num_homogenities: 0
num_best_improvements: 0
num_elite_improvements: 0
num_exchanges: 0
num_shakes: 0
num_resets: 0
