Custom stopping criteria not supplied by the user. Using max. time = 15s and max. stall_offset = 0
Using 1 threads for decoding
initialization time: 0.0289052
best warm start solution: 846.71
TSP tour:
0 10 1 15 6 46 32 28 39 3 38 9 40 41 19 26 45 21 7 49 23 27 11 30 22 12 5 44 24 37 20 35 43 47 42 2 25 31 8 36 34 48 33 18 16 14 17 4 29 13 
Operations:
0,10,1|1,6,32|32,28,39|39,38,9|9,21,7|7,23,11|11,30,22|22,12,44|44,24,37|37,20,35|20,35,43|43,2,25|25,36,34|34,48,33|33,14,17|17,4,29|29,13,0|
method: def_initPop
seed: 1764168
Instance: 1
best_fitness: 781.187
current_iteration: 1117
last_update_iteration: 106
current_time: 15.0079s
last_update_time: 1.42776s
largest_iteration_offset: 65
stalled_iterations: 1011
path_relink_time: 0s
num_path_relink_calls: 0
num_homogenities: 0
num_best_improvements: 0
num_elite_improvements: 0
num_exchanges: 0
num_shakes: 0
num_resets: 0
