Custom stopping criteria not supplied by the user. Using max. time = 15s and max. stall_offset = 0
Using 1 threads for decoding
initialization time: 0.0253619
best warm start solution: 846.71
TSP tour:
0 10 1 6 15 5 46 28 32 39 3 40 19 45 26 7 41 38 9 49 23 21 11 27 30 22 12 24 44 36 48 14 33 34 18 17 16 2 31 29 8 25 47 42 43 20 4 37 35 13 
Operations:
0,10,1|1,6,46|46,28,32|32,3,40|40,45,26|26,7,41|41,9,49|49,23,11|11,30,22|22,12,24|24,44,36|36,14,34|34,17,16|16,29,25|25,4,35|35,13,0|
method: def_initPop
seed: 2700001
Instance: 1
best_fitness: 761.74
current_iteration: 1107
last_update_iteration: 204
current_time: 15.0036s
last_update_time: 2.75015s
largest_iteration_offset: 59
stalled_iterations: 903
path_relink_time: 0s
num_path_relink_calls: 0
num_homogenities: 0
num_best_improvements: 0
num_elite_improvements: 0
num_exchanges: 0
num_shakes: 0
num_resets: 0
