Custom stopping criteria not supplied by the user. Using max. time = 60s and max. stall_offset = 0
Using 1 threads for decoding
initialization time: 0.0215409
best warm start solution: 522.057
TSP tour:
0 16 12 59 15 67 72 70 25 50 22 62 36 52 24 33 69 7 31 19 2 57 74 55 27 10 20 3 58 18 48 44 41 73 68 45 23 29 14 9 8 54 28 30 1 6 65 63 42 51 38 47 53 5 13 26 49 66 11 39 40 17 64 4 37 35 71 56 61 43 32 60 21 46 34 
Operations:
0,16,59|59,15,67|67,72,70|70,25,50|50,22,62|62,36,52|52,33,69|69,7,31|31,19,2|2,57,55|55,27,10|10,20,3|3,58,18|18,44,41|41,73,68|68,45,23|23,14,9|9,8,54|54,28,1|1,6,65|65,42,51|51,53,5|5,13,26|26,49,66|66,11,40|40,17,4|4,37,56|56,61,43|43,60,0|
method: def_initPop
seed: 2700001
Instance: 1
best_fitness: 469.83
current_iteration: 2610
last_update_iteration: 367
current_time: 60.0219s
last_update_time: 8.29869s
largest_iteration_offset: 81
stalled_iterations: 2243
path_relink_time: 0s
num_path_relink_calls: 0
num_homogenities: 0
num_best_improvements: 0
num_elite_improvements: 0
num_exchanges: 0
num_shakes: 0
num_resets: 0
