Custom stopping criteria not supplied by the user. Using max. time = 15s and max. stall_offset = 0
Using 1 threads for decoding
initialization time: 0.0332427
best warm start solution: 451.2
TSP tour:
0 26 46 21 34 1 3 41 10 37 11 23 20 19 29 22 4 49 12 8 27 32 38 30 39 9 31 44 13 6 40 43 33 28 35 47 24 18 15 7 48 36 17 14 5 42 16 2 45 25 
Operations:
0,46,21|21,1,3|3,41,10|10,37,20|20,19,29|29,22,49|49,27,32|32,9,44|44,13,43|43,33,28|28,35,47|47,24,15|15,7,48|48,36,14|14,5,42|42,16,45|45,25,0|
method: def_initPop
seed: 1764168
Instance: 1
best_fitness: 388.118
current_iteration: 1155
last_update_iteration: 328
current_time: 15.0126s
last_update_time: 4.26168s
largest_iteration_offset: 123
stalled_iterations: 827
path_relink_time: 0s
num_path_relink_calls: 0
num_homogenities: 0
num_best_improvements: 0
num_elite_improvements: 0
num_exchanges: 0
num_shakes: 0
num_resets: 0
