Custom stopping criteria not supplied by the user. Using max. time = 30s and max. stall_offset = 0
Using 1 threads for decoding
initialization time: 0.0266864
best warm start solution: 588.536
TSP tour:
0 34 12 59 67 70 50 22 36 62 52 24 33 7 31 69 2 74 55 19 57 27 25 72 15 16 10 60 20 58 44 3 18 48 68 41 73 45 9 29 23 14 28 54 8 30 1 6 65 63 42 38 51 47 5 53 13 49 26 66 39 40 17 11 37 64 4 35 71 61 56 43 32 21 46 
Operations:
0,59,36|36,7,31|31,69,55|55,19,15|15,10,20|20,44,41|41,9,29|29,8,30|30,42,38|38,53,39|39,17,4|4,61,0|
method: def_initPop
seed: 7515072
Instance: 1
best_fitness: 583.621
current_iteration: 821
last_update_iteration: 168
current_time: 30.0092s
last_update_time: 5.87832s
largest_iteration_offset: 118
stalled_iterations: 653
path_relink_time: 0s
num_path_relink_calls: 0
num_homogenities: 0
num_best_improvements: 0
num_elite_improvements: 0
num_exchanges: 0
num_shakes: 0
num_resets: 0
