Custom stopping criteria not supplied by the user. Using max. time = 30s and max. stall_offset = 0
Using 1 threads for decoding
initialization time: 0.0422569
best warm start solution: 481.958
TSP tour:
0 20 17 44 25 21 40 45 14 22 48 29 47 36 12 37 1 32 3 27 49 13 23 15 33 35 9 30 43 2 34 26 11 31 7 24 16 8 28 6 4 19 10 42 39 46 38 41 18 5 
Operations:
0,20,17|20,17,44|44,25,21|21,45,22|22,29,47|47,36,12|12,37,1|1,32,3|3,27,13|13,23,15|15,33,9|9,30,2|2,26,11|11,31,7|7,24,28|28,6,4|4,19,10|10,42,39|39,41,18|18,5,0|
method: def_initPop
seed: 7515072
Instance: 1
best_fitness: 395.105
current_iteration: 2529
last_update_iteration: 153
current_time: 30.005s
last_update_time: 1.80629s
largest_iteration_offset: 46
stalled_iterations: 2376
path_relink_time: 0s
num_path_relink_calls: 0
num_homogenities: 0
num_best_improvements: 0
num_elite_improvements: 0
num_exchanges: 0
num_shakes: 0
num_resets: 0
