Custom stopping criteria not supplied by the user. Using max. time = 15s and max. stall_offset = 0
Using 1 threads for decoding
initialization time: 0.170401
best warm start solution: 713.314
TSP tour:
0 60 23 63 8 62 16 3 44 19 70 4 9 29 69 24 73 1 28 41 67 61 49 38 18 50 46 31 43 55 65 51 47 10 54 27 40 5 14 52 45 53 21 22 34 37 68 30 26 64 56 36 25 7 42 17 39 58 59 2 11 20 6 74 33 35 15 57 48 72 12 13 32 66 71 
Operations:
0,60,63|63,8,62|62,16,3|3,70,4|4,9,69|69,24,73|73,28,41|41,61,49|49,18,50|50,46,31|31,43,55|55,10,54|65,10,27|27,40,5|5,45,53|53,37,30|30,64,56|56,7,39|39,2,11|11,20,6|6,33,35|35,15,57|57,48,72|72,12,13|13,32,66|66,71,0|
method: def_initPop
seed: 297720
Instance: 1
best_fitness: 651.907
current_iteration: 667
last_update_iteration: 171
current_time: 15.022s
last_update_time: 3.78566s
largest_iteration_offset: 44
stalled_iterations: 496
path_relink_time: 0s
num_path_relink_calls: 0
num_homogenities: 0
num_best_improvements: 0
num_elite_improvements: 0
num_exchanges: 0
num_shakes: 0
num_resets: 0
