Custom stopping criteria not supplied by the user. Using max. time = 240s and max. stall_offset = 0
Using 1 threads for decoding
initialization time: 0.0343481
best warm start solution: 600.709
TSP tour:
0 53 16 61 9 37 36 3 57 43 17 70 18 74 35 51 66 30 69 38 60 55 40 26 28 63 1 58 24 71 72 54 22 8 27 47 19 59 49 50 34 52 20 64 5 29 65 14 42 23 48 73 2 31 56 44 13 39 67 62 12 15 46 7 68 33 41 4 11 32 45 10 6 25 21 
Operations:
0,57,43|43,74,51|17,74,66|66,40,26|26,1,54|54,50,34|22,50,52|52,64,29|29,65,48|48,12,15|15,46,11|11,45,0|
method: def_initPop
seed: 2700001
Instance: 1
best_fitness: 567.663
current_iteration: 6366
last_update_iteration: 214
current_time: 240.025s
last_update_time: 7.78735s
largest_iteration_offset: 77
stalled_iterations: 6152
path_relink_time: 0s
num_path_relink_calls: 0
num_homogenities: 0
num_best_improvements: 0
num_elite_improvements: 0
num_exchanges: 0
num_shakes: 0
num_resets: 0
