Custom stopping criteria not supplied by the user. Using max. time = 15s and max. stall_offset = 0
Using 1 threads for decoding
initialization time: 0.0290546
best warm start solution: 974.351
TSP tour:
0 6 10 34 13 26 29 5 19 33 27 14 44 32 17 28 39 18 16 36 25 35 43 37 30 9 38 42 2 12 20 41 45 15 31 23 24 49 4 48 46 7 1 3 40 47 21 8 22 11 
Operations:
0,34,26|26,33,14|14,32,28|28,18,9|9,2,12|12,20,47|47,22,0|
method: def_initPop
seed: 1764168
Instance: 1
best_fitness: 968.019
current_iteration: 738
last_update_iteration: 76
current_time: 15.0184s
last_update_time: 1.47234s
largest_iteration_offset: 72
stalled_iterations: 662
path_relink_time: 0s
num_path_relink_calls: 0
num_homogenities: 0
num_best_improvements: 0
num_elite_improvements: 0
num_exchanges: 0
num_shakes: 0
num_resets: 0
