Custom stopping criteria not supplied by the user. Using max. time = 15s and max. stall_offset = 0
Using 1 threads for decoding
initialization time: 0.0317399
best warm start solution: 419.131
TSP tour:
0 35 4 3 5 18 20 14 7 39 43 15 31 21 25 11 47 6 16 49 29 46 28 26 1 45 48 40 38 22 9 13 10 8 24 36 41 37 30 34 32 33 12 42 2 19 44 27 23 17 
Operations:
0,4,3|3,5,18|18,20,7|7,31,21|21,11,47|47,6,16|16,49,29|29,46,28|28,26,1|1,45,40|40,38,22|38,22,9|9,13,10|10,24,36|36,41,37|37,30,32|32,12,42|42,2,19|19,27,23|23,17,0|
method: def_initPop
seed: 297720
Instance: 1
best_fitness: 379.874
current_iteration: 1163
last_update_iteration: 97
current_time: 15.0021s
last_update_time: 1.24452s
largest_iteration_offset: 39
stalled_iterations: 1066
path_relink_time: 0s
num_path_relink_calls: 0
num_homogenities: 0
num_best_improvements: 0
num_elite_improvements: 0
num_exchanges: 0
num_shakes: 0
num_resets: 0
