Custom stopping criteria not supplied by the user. Using max. time = 240s and max. stall_offset = 0
Using 1 threads for decoding
initialization time: 0.0200317
best warm start solution: 402.256
TSP tour:
0 7 48 6 35 27 2 20 18 36 14 29 31 9 47 21 8 10 4 26 15 3 40 41 12 19 44 45 33 23 24 30 38 39 11 37 16 42 17 5 1 22 43 49 28 13 34 32 46 25 
Operations:
0,7,48|7,48,6|6,35,27|27,2,20|20,18,36|36,29,31|31,9,47|47,21,8|8,10,15|15,3,40|40,19,44|44,33,23|23,24,30|30,38,39|39,11,37|37,16,42|42,17,5|5,1,22|22,43,49|49,28,13|13,34,32|32,46,25|46,25,0|
method: def_initPop
seed: 2700001
Instance: 1
best_fitness: 354.479
current_iteration: 20421
last_update_iteration: 173
current_time: 240.012s
last_update_time: 2.03769s
largest_iteration_offset: 41
stalled_iterations: 20248
path_relink_time: 0s
num_path_relink_calls: 0
num_homogenities: 0
num_best_improvements: 0
num_elite_improvements: 0
num_exchanges: 0
num_shakes: 0
num_resets: 0
