Custom stopping criteria not supplied by the user. Using max. time = 30s and max. stall_offset = 0
Using 1 threads for decoding
initialization time: 0.0221248
best warm start solution: 527.799
TSP tour:
0 23 44 34 25 48 42 2 45 40 33 26 12 10 27 39 3 47 32 17 36 38 46 13 31 21 6 11 43 49 24 16 30 41 29 15 8 7 20 1 37 22 9 5 28 35 19 14 4 18 
Operations:
0,34,48|23,34,42|42,45,26|26,10,27|27,39,32|32,17,11|11,24,16|16,41,29|29,7,20|20,1,9|9,14,18|18,-1,0|
method: def_initPop
seed: 2700001
Instance: 1
best_fitness: 523.354
current_iteration: 1597
last_update_iteration: 81
current_time: 30.0177s
last_update_time: 1.46498s
largest_iteration_offset: 75
stalled_iterations: 1516
path_relink_time: 0s
num_path_relink_calls: 0
num_homogenities: 0
num_best_improvements: 0
num_elite_improvements: 0
num_exchanges: 0
num_shakes: 0
num_resets: 0
