Custom stopping criteria not supplied by the user. Using max. time = 60s and max. stall_offset = 0
Using 1 threads for decoding
initialization time: 0.0307587
best warm start solution: 1084.42
TSP tour:
0 33 24 40 18 47 15 41 8 43 35 38 19 32 48 3 44 45 28 5 30 21 11 46 10 42 13 23 20 27 26 34 7 12 1 2 39 16 17 14 49 4 22 25 37 6 9 31 29 36 
Operations:
0,40,41|41,28,30|30,21,13|13,16,17|17,22,0|
method: def_initPop
seed: 297720
Instance: 1
best_fitness: 1069.56
current_iteration: 2972
last_update_iteration: 178
current_time: 60.0015s
last_update_time: 3.51598s
largest_iteration_offset: 78
stalled_iterations: 2794
path_relink_time: 0s
num_path_relink_calls: 0
num_homogenities: 0
num_best_improvements: 0
num_elite_improvements: 0
num_exchanges: 0
num_shakes: 0
num_resets: 0
