Custom stopping criteria not supplied by the user. Using max. time = 60s and max. stall_offset = 0
Using 1 threads for decoding
initialization time: 0.0387774
best warm start solution: 1114.36
TSP tour:
0 72 7 20 23 46 5 22 27 56 19 24 10 47 35 3 18 44 37 58 43 40 6 30 69 63 38 25 62 13 68 42 52 4 51 66 36 17 74 71 32 39 65 11 48 34 61 2 67 49 73 50 29 21 16 26 45 15 14 70 33 8 59 57 55 12 28 1 31 9 60 64 53 54 41 
Operations:
0,72,7|7,20,23|23,46,5|5,22,27|27,56,24|24,47,35|35,43,40|40,6,30|30,63,38|38,25,62|62,13,68|68,42,52|52,4,51|51,66,36|36,74,71|71,32,39|39,11,67|67,49,73|73,50,29|50,29,21|21,16,26|26,45,15|15,14,33|33,57,53|53,54,0|
method: def_initPop
seed: 1764168
Instance: 1
best_fitness: 957.303
current_iteration: 2471
last_update_iteration: 176
current_time: 60.0024s
last_update_time: 4.13801s
largest_iteration_offset: 47
stalled_iterations: 2295
path_relink_time: 0s
num_path_relink_calls: 0
num_homogenities: 0
num_best_improvements: 0
num_elite_improvements: 0
num_exchanges: 0
num_shakes: 0
num_resets: 0
