Custom stopping criteria not supplied by the user. Using max. time = 30s and max. stall_offset = 0
Using 1 threads for decoding
initialization time: 0.0520314
best warm start solution: 872.759
TSP tour:
0 40 83 8 79 12 18 69 6 53 4 55 19 63 77 33 60 99 72 70 93 37 16 23 91 30 45 10 36 11 35 49 58 96 27 51 14 95 73 68 87 31 5 75 26 7 38 85 9 59 66 61 67 89 86 80 78 42 13 2 82 39 64 62 22 41 47 43 46 15 17 34 50 3 90 54 65 56 44 32 92 29 94 28 84 57 25 74 48 97 20 71 81 21 1 52 98 88 76 24 
Operations:
0,40,83|83,8,79|79,12,18|18,69,6|6,53,4|4,55,19|19,33,99|99,72,70|70,93,37|37,16,91|91,30,45|45,10,36|36,11,35|35,49,58|58,96,14|14,95,73|73,68,31|31,5,75|75,26,7|7,38,85|38,85,9|9,59,89|89,2,39|39,64,62|62,41,43|43,15,17|17,34,3|3,44,32|32,92,29|29,94,28|28,57,25|25,74,48|48,20,81|81,21,52|52,98,88|88,76,24|24,-1,0|
method: def_initPop
seed: 2700001
Instance: 1
best_fitness: 806.785
current_iteration: 1029
last_update_iteration: 323
current_time: 30.0227s
last_update_time: 9.29438s
largest_iteration_offset: 132
stalled_iterations: 706
path_relink_time: 0s
num_path_relink_calls: 0
num_homogenities: 0
num_best_improvements: 0
num_elite_improvements: 0
num_exchanges: 0
num_shakes: 0
num_resets: 0
