Custom stopping criteria not supplied by the user. Using max. time = 30s and max. stall_offset = 0
Using 1 threads for decoding
initialization time: 0.0228545
best warm start solution: 1043.59
TSP tour:
0 8 41 34 24 18 6 38 40 5 43 46 20 1 16 9 3 15 48 47 45 12 49 27 31 13 10 29 14 26 2 35 4 39 28 22 17 21 44 19 7 37 42 11 32 30 25 23 36 33 
Operations:
0,34,24|8,34,18|18,6,20|20,16,9|9,48,47|47,27,4|4,44,19|19,7,30|30,36,0|
method: def_initPop
seed: 7515072
Instance: 1
best_fitness: 1029.07
current_iteration: 1464
last_update_iteration: 104
current_time: 30.0168s
last_update_time: 2.05799s
largest_iteration_offset: 69
stalled_iterations: 1360
path_relink_time: 0s
num_path_relink_calls: 0
num_homogenities: 0
num_best_improvements: 0
num_elite_improvements: 0
num_exchanges: 0
num_shakes: 0
num_resets: 0
