Custom stopping criteria not supplied by the user. Using max. time = 15s and max. stall_offset = 0
Using 1 threads for decoding
initialization time: 0.0542057
best warm start solution: 468.214
TSP tour:
0 43 13 38 44 68 21 6 56 25 8 69 9 54 42 52 67 59 28 17 47 5 32 39 73 45 31 7 46 34 65 66 20 62 23 55 57 64 37 1 22 70 27 58 71 74 35 11 61 26 12 72 10 50 18 36 33 30 49 40 19 41 53 14 24 63 16 48 2 4 51 29 60 15 3 
Operations:
0,38,44|44,21,6|6,56,8|8,54,42|42,52,67|67,59,28|28,17,47|47,5,32|32,39,73|73,45,7|7,46,34|34,65,20|20,62,23|23,55,57|57,37,1|1,22,70|70,27,58|58,74,35|35,11,61|61,26,12|12,72,10|72,18,36|36,30,49|49,40,19|19,41,53|53,14,24|24,63,48|48,2,4|4,51,29|29,60,15|15,3,0|
method: def_initPop
seed: 7515072
Instance: 1
best_fitness: 450.045
current_iteration: 693
last_update_iteration: 198
current_time: 15.0007s
last_update_time: 4.26465s
largest_iteration_offset: 76
stalled_iterations: 495
path_relink_time: 0s
num_path_relink_calls: 0
num_homogenities: 0
num_best_improvements: 0
num_elite_improvements: 0
num_exchanges: 0
num_shakes: 0
num_resets: 0
