Custom stopping criteria not supplied by the user. Using max. time = 60s and max. stall_offset = 0
Using 1 threads for decoding
initialization time: 0.0159098
best warm start solution: 474.155
TSP tour:
0 4 43 13 45 3 31 18 23 39 48 12 16 2 1 19 46 36 10 9 6 5 24 11 27 34 14 17 20 40 44 41 28 25 37 7 26 35 47 30 42 33 8 15 49 29 21 22 32 38 
Operations:
0,43,13|13,45,3|3,31,18|18,23,39|39,48,12|12,16,1|1,19,36|36,10,9|9,6,24|24,11,27|27,34,17|17,20,40|40,44,28|28,25,7|7,26,35|35,47,30|30,42,49|49,29,21|21,22,32|32,38,0|
method: def_initPop
seed: 1764168
Instance: 1
best_fitness: 430.313
current_iteration: 4670
last_update_iteration: 763
current_time: 60.0055s
last_update_time: 9.79481s
largest_iteration_offset: 495
stalled_iterations: 3907
path_relink_time: 0s
num_path_relink_calls: 0
num_homogenities: 0
num_best_improvements: 0
num_elite_improvements: 0
num_exchanges: 0
num_shakes: 0
num_resets: 0
