Custom stopping criteria not supplied by the user. Using max. time = 240s and max. stall_offset = 0
Using 1 threads for decoding
initialization time: 0.0358408
best warm start solution: 600.117
TSP tour:
0 44 2 33 11 40 9 28 12 18 25 15 32 19 24 6 29 3 10 5 21 45 35 8 37 41 23 48 22 34 46 43 26 13 42 7 47 39 20 27 38 17 30 31 16 49 14 36 4 1 
Operations:
0,33,11|44,33,40|40,10,5|5,35,48|48,22,26|26,47,0|
method: def_initPop
seed: 1764168
Instance: 1
best_fitness: 589.268
current_iteration: 11725
last_update_iteration: 114
current_time: 240.013s
last_update_time: 2.23106s
largest_iteration_offset: 93
stalled_iterations: 11611
path_relink_time: 0s
num_path_relink_calls: 0
num_homogenities: 0
num_best_improvements: 0
num_elite_improvements: 0
num_exchanges: 0
num_shakes: 0
num_resets: 0
