Custom stopping criteria not supplied by the user. Using max. time = 15s and max. stall_offset = 0
Using 1 threads for decoding
initialization time: 0.0286438
best warm start solution: 467.655
TSP tour:
0 6 28 7 37 26 31 24 4 25 32 1 15 18 46 33 45 20 2 48 16 42 35 36 3 43 41 22 9 39 21 49 30 14 34 23 8 19 5 17 47 10 27 40 11 29 44 12 38 13 
Operations:
0,6,28|28,7,37|37,26,31|31,24,4|4,25,32|32,1,15|15,46,33|33,45,20|20,2,48|48,16,35|35,36,3|3,43,41|41,22,9|9,39,21|21,49,14|14,34,23|23,8,19|19,5,17|17,47,10|10,27,40|40,11,29|29,44,12|12,38,13|38,13,0|
method: def_initPop
seed: 2700001
Instance: 1
best_fitness: 391.491
current_iteration: 1261
last_update_iteration: 160
current_time: 15.0044s
last_update_time: 1.90703s
largest_iteration_offset: 42
stalled_iterations: 1101
path_relink_time: 0s
num_path_relink_calls: 0
num_homogenities: 0
num_best_improvements: 0
num_elite_improvements: 0
num_exchanges: 0
num_shakes: 0
num_resets: 0
