Custom stopping criteria not supplied by the user. Using max. time = 15s and max. stall_offset = 0
Using 1 threads for decoding
initialization time: 0.0297495
best warm start solution: 828.992
TSP tour:
0 10 1 6 15 28 32 21 39 3 9 40 11 7 41 38 49 23 27 26 19 30 45 46 22 5 12 24 44 36 33 48 34 14 8 31 17 18 16 2 25 29 42 4 47 43 20 37 35 13 
Operations:
0,10,1|1,6,15|15,21,3|3,11,7|7,23,27|27,30,45|45,22,5|5,12,24|24,44,36|36,33,48|48,14,8|8,31,17|31,17,18|18,29,42|42,4,35|35,13,0|
method: def_initPop
seed: 297720
Instance: 1
best_fitness: 669.085
current_iteration: 1187
last_update_iteration: 311
current_time: 15.0072s
last_update_time: 3.92425s
largest_iteration_offset: 104
stalled_iterations: 876
path_relink_time: 0s
num_path_relink_calls: 0
num_homogenities: 0
num_best_improvements: 0
num_elite_improvements: 0
num_exchanges: 0
num_shakes: 0
num_resets: 0
