Custom stopping criteria not supplied by the user. Using max. time = 60s and max. stall_offset = 0
Using 1 threads for decoding
initialization time: 0.0176009
best warm start solution: 974.351
TSP tour:
0 3 34 40 47 21 8 11 22 13 26 29 5 33 19 27 14 44 17 32 28 18 39 16 36 25 35 43 37 30 9 38 42 2 12 41 45 15 31 20 23 24 49 4 48 46 1 7 10 6 
Operations:
0,34,13|13,-1,26|26,33,14|14,32,28|28,18,38|38,12,45|45,20,0|
method: def_initPop
seed: 297720
Instance: 1
best_fitness: 955.742
current_iteration: 4294
last_update_iteration: 96
current_time: 60.0005s
last_update_time: 1.37573s
largest_iteration_offset: 80
stalled_iterations: 4198
path_relink_time: 0s
num_path_relink_calls: 0
num_homogenities: 0
num_best_improvements: 0
num_elite_improvements: 0
num_exchanges: 0
num_shakes: 0
num_resets: 0
