Custom stopping criteria not supplied by the user. Using max. time = 15s and max. stall_offset = 0
Using 1 threads for decoding
initialization time: 0.0680258
best warm start solution: 1296.35
TSP tour:
0 55 26 25 27 64 4 87 31 68 2 76 61 15 22 96 13 60 56 43 91 73 21 85 8 72 99 30 10 12 40 39 94 9 81 93 53 11 35 83 47 29 69 52 45 28 82 49 14 70 54 24 79 19 37 42 20 77 80 57 32 58 41 16 3 62 65 17 33 23 67 7 86 63 51 36 95 48 46 1 92 89 44 38 5 66 90 78 74 18 71 59 75 88 6 84 97 34 98 50 
Operations:
0,26,25|25,27,87|87,61,22|22,56,43|43,85,99|99,94,81|81,35,24|24,77,3|3,63,36|36,1,44|44,5,90|90,84,97|97,34,0|
method: def_initPop
seed: 7515072
Instance: 1
best_fitness: 1256.94
current_iteration: 292
last_update_iteration: 157
current_time: 15.0451s
last_update_time: 7.78521s
largest_iteration_offset: 110
stalled_iterations: 135
path_relink_time: 0s
num_path_relink_calls: 0
num_homogenities: 0
num_best_improvements: 0
num_elite_improvements: 0
num_exchanges: 0
num_shakes: 0
num_resets: 0
