Custom stopping criteria not supplied by the user. Using max. time = 120s and max. stall_offset = 0
Using 1 threads for decoding
initialization time: 0.0394122
best warm start solution: 420.255
TSP tour:
0 4 39 10 14 16 40 24 17 7 28 2 5 42 20 38 27 6 41 21 34 45 31 12 30 48 37 36 26 13 33 29 19 3 1 49 32 9 44 8 22 47 35 18 11 23 15 46 25 43 
Operations:
0,40,24|24,7,2|2,5,27|27,34,12|12,30,48|48,37,26|26,13,33|33,29,19|19,3,1|1,49,32|32,9,15|15,46,25|25,43,0|
method: def_initPop
seed: 297720
Instance: 1
best_fitness: 361.694
current_iteration: 8858
last_update_iteration: 96
current_time: 120.007s
last_update_time: 1.28301s
largest_iteration_offset: 35
stalled_iterations: 8762
path_relink_time: 0s
num_path_relink_calls: 0
num_homogenities: 0
num_best_improvements: 0
num_elite_improvements: 0
num_exchanges: 0
num_shakes: 0
num_resets: 0
