Custom stopping criteria not supplied by the user. Using max. time = 120s and max. stall_offset = 0
Using 1 threads for decoding
initialization time: 0.0564391
best warm start solution: 516.775
TSP tour:
0 2 11 40 33 6 24 35 19 32 28 9 12 18 25 15 17 30 31 16 8 14 49 4 36 46 34 45 48 41 37 23 22 43 26 13 7 42 39 47 20 27 38 29 10 3 5 21 44 1 
Operations:
0,35,12|12,18,25|25,8,49|49,45,41|41,37,23|23,22,43|43,26,13|13,7,39|39,47,29|29,10,5|5,21,44|44,1,0|
method: def_initPop
seed: 2700001
Instance: 1
best_fitness: 454.459
current_iteration: 8525
last_update_iteration: 226
current_time: 120.013s
last_update_time: 3.13011s
largest_iteration_offset: 56
stalled_iterations: 8299
path_relink_time: 0s
num_path_relink_calls: 0
num_homogenities: 0
num_best_improvements: 0
num_elite_improvements: 0
num_exchanges: 0
num_shakes: 0
num_resets: 0
