Custom stopping criteria not supplied by the user. Using max. time = 120s and max. stall_offset = 0
Using 1 threads for decoding
initialization time: 0.0561811
best warm start solution: 516.775
TSP tour:
0 9 40 33 6 24 19 32 28 12 18 25 35 15 17 30 31 16 49 14 8 36 46 34 48 41 37 23 22 43 13 26 42 7 39 20 47 27 38 29 10 3 5 21 11 2 44 4 45 1 
Operations:
0,9,40|40,35,16|16,49,14|14,8,23|23,22,43|43,26,42|42,7,39|39,47,29|29,10,5|5,21,11|11,45,0|
method: def_initPop
seed: 7515072
Instance: 1
best_fitness: 449.18
current_iteration: 8590
last_update_iteration: 395
current_time: 120.012s
last_update_time: 5.45678s
largest_iteration_offset: 241
stalled_iterations: 8195
path_relink_time: 0s
num_path_relink_calls: 0
num_homogenities: 0
num_best_improvements: 0
num_elite_improvements: 0
num_exchanges: 0
num_shakes: 0
num_resets: 0
