Custom stopping criteria not supplied by the user. Using max. time = 15s and max. stall_offset = 0
Using 1 threads for decoding
initialization time: 0.227376
best warm start solution: 1313.28
TSP tour:
0 37 74 51 43 72 11 4 21 68 62 38 18 42 29 7 8 40 31 27 39 58 17 65 59 34 3 49 2 15 9 67 22 35 19 48 12 52 24 50 5 13 16 23 25 6 45 44 61 33 57 63 30 28 64 66 26 71 73 70 53 20 32 54 69 47 41 14 60 46 1 56 55 10 36 
Operations:
0,37,51|51,43,72|72,4,29|29,7,8|8,40,31|31,27,39|39,17,65|65,59,34|34,3,2|2,15,9|9,67,22|22,35,19|19,48,12|12,52,24|24,13,23|23,25,45|45,44,61|61,30,26|26,71,70|70,20,32|32,54,69|69,47,41|41,14,60|60,1,56|56,55,36|36,-1,0|
method: def_initPop
seed: 1764168
Instance: 1
best_fitness: 1053.97
current_iteration: 728
last_update_iteration: 147
current_time: 15.0116s
last_update_time: 2.97123s
largest_iteration_offset: 45
stalled_iterations: 581
path_relink_time: 0s
num_path_relink_calls: 0
num_homogenities: 0
num_best_improvements: 0
num_elite_improvements: 0
num_exchanges: 0
num_shakes: 0
num_resets: 0
