Custom stopping criteria not supplied by the user. Using max. time = 60s and max. stall_offset = 0
Using 1 threads for decoding
initialization time: 0.0339478
best warm start solution: 600.709
TSP tour:
0 32 53 16 61 9 37 36 3 43 17 70 18 35 51 11 66 74 30 69 38 60 55 26 40 28 63 58 24 71 50 72 54 22 8 27 47 19 59 49 34 52 1 20 64 29 5 14 65 42 23 48 73 2 31 56 44 13 39 67 57 12 62 15 7 68 33 41 46 4 45 10 6 25 21 
Operations:
0,32,37|37,11,66|66,74,60|60,40,58|58,24,71|71,50,47|47,1,64|64,65,42|42,48,73|73,12,15|15,46,0|
method: def_initPop
seed: 1764168
Instance: 1
best_fitness: 572.328
current_iteration: 1566
last_update_iteration: 135
current_time: 60.0096s
last_update_time: 4.90806s
largest_iteration_offset: 70
stalled_iterations: 1431
path_relink_time: 0s
num_path_relink_calls: 0
num_homogenities: 0
num_best_improvements: 0
num_elite_improvements: 0
num_exchanges: 0
num_shakes: 0
num_resets: 0
