Custom stopping criteria not supplied by the user. Using max. time = 60s and max. stall_offset = 0
Using 1 threads for decoding
initialization time: 0.0442353
best warm start solution: 600.709
TSP tour:
0 53 16 61 32 9 37 36 3 43 17 70 18 35 1 51 66 40 30 69 38 60 55 26 28 74 63 58 24 71 50 72 54 22 8 27 47 19 59 49 34 52 20 64 65 29 5 14 42 12 23 48 73 2 31 56 44 13 39 67 57 11 62 46 15 7 68 33 4 41 45 10 6 25 21 
Operations:
0,32,37|37,1,66|66,40,26|26,74,71|71,50,47|47,12,2|2,44,39|31,46,15|15,68,33|33,4,10|10,25,0|
method: def_initPop
seed: 8434820
Instance: 1
best_fitness: 569.537
current_iteration: 1537
last_update_iteration: 172
current_time: 60.0254s
last_update_time: 6.34698s
largest_iteration_offset: 71
stalled_iterations: 1365
path_relink_time: 0s
num_path_relink_calls: 0
num_homogenities: 0
num_best_improvements: 0
num_elite_improvements: 0
num_exchanges: 0
num_shakes: 0
num_resets: 0
