Custom stopping criteria not supplied by the user. Using max. time = 30s and max. stall_offset = 0
Using 1 threads for decoding
initialization time: 0.0536517
best warm start solution: 534.81
TSP tour:
0 32 63 42 44 51 26 52 22 74 13 49 2 66 40 19 58 64 15 17 46 56 37 65 47 29 28 4 39 54 30 53 34 48 7 43 20 71 38 67 70 31 6 3 60 5 23 12 72 25 69 11 50 73 18 41 62 61 57 45 59 21 14 55 36 9 16 24 35 10 8 27 68 1 33 
Operations:
0,32,63|63,42,44|44,51,26|26,52,22|22,74,13|74,13,49|49,66,40|40,19,58|58,64,15|15,17,56|56,37,65|65,47,29|29,4,39|39,54,30|30,53,34|34,7,43|43,20,71|71,38,67|67,70,6|6,60,5|5,23,12|12,72,25|25,69,11|11,50,73|73,61,57|57,45,21|21,14,55|55,36,16|16,24,10|10,8,27|27,68,1|68,1,33|33,-1,0|
method: def_initPop
seed: 7515072
Instance: 1
best_fitness: 433.801
current_iteration: 1574
last_update_iteration: 247
current_time: 30.0045s
last_update_time: 4.68076s
largest_iteration_offset: 89
stalled_iterations: 1327
path_relink_time: 0s
num_path_relink_calls: 0
num_homogenities: 0
num_best_improvements: 0
num_elite_improvements: 0
num_exchanges: 0
num_shakes: 0
num_resets: 0
