Custom stopping criteria not supplied by the user. Using max. time = 30s and max. stall_offset = 0
Using 1 threads for decoding
initialization time: 0.0342661
best warm start solution: 549.238
TSP tour:
0 53 6 16 61 9 11 37 36 70 3 43 17 18 35 51 1 66 74 30 60 69 38 55 40 28 26 63 58 24 71 72 22 54 50 8 27 59 19 49 52 20 47 34 64 65 5 29 14 42 23 48 73 2 31 12 56 44 13 39 67 57 62 15 46 7 68 33 4 41 32 45 10 25 21 
Operations:
0,53,6|6,16,61|61,11,37|37,70,17|17,18,51|51,1,74|74,60,69|69,38,55|55,40,28|28,26,24|24,71,72|72,22,54|54,50,27|27,59,19|19,49,20|20,34,64|64,65,5|5,29,42|42,23,48|48,12,44|44,13,39|39,57,62|62,46,7|7,68,33|33,4,41|41,32,45|45,10,25|25,21,0|
method: def_initPop
seed: 8434820
Instance: 1
best_fitness: 470.077
current_iteration: 1367
last_update_iteration: 444
current_time: 30.0128s
last_update_time: 9.67322s
largest_iteration_offset: 75
stalled_iterations: 923
path_relink_time: 0s
num_path_relink_calls: 0
num_homogenities: 0
num_best_improvements: 0
num_elite_improvements: 0
num_exchanges: 0
num_shakes: 0
num_resets: 0
