Custom stopping criteria not supplied by the user. Using max. time = 30s and max. stall_offset = 0
Using 1 threads for decoding
initialization time: 0.0158182
best warm start solution: 466.2
TSP tour:
0 13 22 4 45 43 3 31 48 18 23 39 16 19 2 1 12 46 36 10 9 24 5 6 27 14 11 17 20 40 34 41 28 42 37 25 7 44 35 26 47 30 33 49 8 15 29 38 21 32 
Operations:
0,13,22|22,4,45|45,43,3|3,48,23|23,39,19|19,12,36|36,10,9|9,24,5|5,6,27|27,11,17|17,20,40|40,34,41|41,42,37|37,25,7|7,44,35|35,26,33|33,49,15|15,29,38|38,21,0|
method: def_initPop
seed: 7515072
Instance: 1
best_fitness: 382.826
current_iteration: 2521
last_update_iteration: 150
current_time: 30.0064s
last_update_time: 1.77945s
largest_iteration_offset: 37
stalled_iterations: 2371
path_relink_time: 0s
num_path_relink_calls: 0
num_homogenities: 0
num_best_improvements: 0
num_elite_improvements: 0
num_exchanges: 0
num_shakes: 0
num_resets: 0
