Custom stopping criteria not supplied by the user. Using max. time = 30s and max. stall_offset = 0
Using 1 threads for decoding
initialization time: 0.028961
best warm start solution: 420.255
TSP tour:
0 4 39 10 14 16 40 24 17 28 2 7 42 20 38 5 34 37 30 36 26 13 33 29 19 1 9 49 32 3 48 12 31 27 21 41 6 45 8 44 22 47 35 15 18 11 23 46 25 43 
Operations:
0,40,24|24,17,28|28,7,20|20,5,37|37,30,36|36,13,33|33,29,19|19,9,49|49,3,31|31,27,41|41,6,8|8,44,22|22,15,23|23,46,25|25,43,0|
method: def_initPop
seed: 7515072
Instance: 1
best_fitness: 371.873
current_iteration: 2237
last_update_iteration: 130
current_time: 30.0064s
last_update_time: 1.72739s
largest_iteration_offset: 45
stalled_iterations: 2107
path_relink_time: 0s
num_path_relink_calls: 0
num_homogenities: 0
num_best_improvements: 0
num_elite_improvements: 0
num_exchanges: 0
num_shakes: 0
num_resets: 0
