Custom stopping criteria not supplied by the user. Using max. time = 120s and max. stall_offset = 0
Using 1 threads for decoding
initialization time: 0.0310145
best warm start solution: 486.781
TSP tour:
0 39 4 10 14 16 24 2 17 28 7 40 5 38 20 42 6 41 45 21 31 34 12 30 48 37 36 26 13 33 29 19 3 1 9 49 32 8 44 22 35 47 18 11 23 46 15 43 25 27 
Operations:
0,4,10|10,2,28|28,40,38|38,34,30|30,37,36|36,13,3|3,9,47|47,27,0|
method: def_initPop
seed: 8434820
Instance: 1
best_fitness: 472.059
current_iteration: 6082
last_update_iteration: 186
current_time: 120.003s
last_update_time: 3.61772s
largest_iteration_offset: 66
stalled_iterations: 5896
path_relink_time: 0s
num_path_relink_calls: 0
num_homogenities: 0
num_best_improvements: 0
num_elite_improvements: 0
num_exchanges: 0
num_shakes: 0
num_resets: 0
