Custom stopping criteria not supplied by the user. Using max. time = 60s and max. stall_offset = 0
Using 1 threads for decoding
initialization time: 0.00880902
best warm start solution: 435.049
TSP tour:
0 25 23 31 36 47 16 41 34 28 30 38 2 4 35 37 48 5 9 12 42 32 19 11 49 20 26 21 13 29 6 10 27 45 22 40 43 3 39 18 8 46 17 33 7 24 44 15 14 1 
Operations:
0,23,31|31,47,16|16,41,34|34,28,30|30,38,2|2,4,37|37,5,9|9,12,42|42,32,19|19,11,20|20,21,13|13,29,10|10,27,40|40,43,39|39,18,8|8,46,17|17,33,7|7,44,15|15,14,0|
method: def_initPop
seed: 1764168
Instance: 1
best_fitness: 388.553
current_iteration: 6932
last_update_iteration: 216
current_time: 60.0075s
last_update_time: 1.89763s
largest_iteration_offset: 98
stalled_iterations: 6716
path_relink_time: 0s
num_path_relink_calls: 0
num_homogenities: 0
num_best_improvements: 0
num_elite_improvements: 0
num_exchanges: 0
num_shakes: 0
num_resets: 0
