Custom stopping criteria not supplied by the user. Using max. time = 60s and max. stall_offset = 0
Using 1 threads for decoding
initialization time: 0.0289904
best warm start solution: 420.255
TSP tour:
0 4 39 10 14 16 40 28 5 17 24 2 20 7 38 42 6 41 45 34 21 31 12 30 48 37 36 26 13 33 29 19 3 9 49 32 1 44 8 27 22 47 35 18 11 23 46 43 25 15 
Operations:
0,4,39|39,40,28|28,5,2|2,7,42|42,34,31|31,30,48|48,37,26|26,13,33|33,29,19|19,9,49|49,1,44|44,27,23|23,46,43|43,15,0|
method: def_initPop
seed: 2700001
Instance: 1
best_fitness: 371.736
current_iteration: 4441
last_update_iteration: 153
current_time: 60.0083s
last_update_time: 2.04824s
largest_iteration_offset: 38
stalled_iterations: 4288
path_relink_time: 0s
num_path_relink_calls: 0
num_homogenities: 0
num_best_improvements: 0
num_elite_improvements: 0
num_exchanges: 0
num_shakes: 0
num_resets: 0
