Custom stopping criteria not supplied by the user. Using max. time = 15s and max. stall_offset = 0
Using 1 threads for decoding
initialization time: 0.0326303
best warm start solution: 610.709
TSP tour:
0 72 6 1 25 80 49 20 75 38 74 11 26 67 91 73 36 97 99 82 65 40 30 52 24 90 33 35 88 85 21 51 81 83 10 57 84 92 8 79 14 98 22 53 71 39 77 48 87 41 76 18 32 60 55 86 61 4 19 31 2 66 28 43 68 93 45 46 70 13 56 12 94 37 89 62 15 27 29 54 78 59 34 5 44 3 96 17 95 7 64 63 58 47 42 69 23 16 50 9 
Operations:
0,72,6|6,1,25|25,80,49|49,20,75|75,38,74|74,11,26|26,67,91|91,73,36|36,82,65|65,40,30|30,52,24|24,90,33|90,33,35|35,88,85|85,21,51|51,81,83|83,10,57|57,84,8|8,14,98|98,22,53|53,39,77|77,48,87|87,41,76|76,18,60|60,86,61|61,31,2|2,66,28|28,43,68|68,93,45|45,46,70|70,13,56|56,12,37|37,89,62|62,15,27|27,59,34|34,5,44|44,3,96|96,17,95|95,7,64|7,64,63|63,69,23|23,16,50|50,9,0|
method: def_initPop
seed: 8434820
Instance: 1
best_fitness: 530.266
current_iteration: 624
last_update_iteration: 294
current_time: 15.0177s
last_update_time: 7.00845s
largest_iteration_offset: 68
stalled_iterations: 330
path_relink_time: 0s
num_path_relink_calls: 0
num_homogenities: 0
num_best_improvements: 0
num_elite_improvements: 0
num_exchanges: 0
num_shakes: 0
num_resets: 0
