Custom stopping criteria not supplied by the user. Using max. time = 120s and max. stall_offset = 0
Using 1 threads for decoding
initialization time: 0.0314964
best warm start solution: 487.952
TSP tour:
0 49 29 2 6 31 7 26 15 22 12 25 28 8 30 18 38 43 27 39 16 17 4 24 33 21 40 41 3 13 10 37 48 44 1 42 23 5 36 47 46 9 34 11 14 35 32 20 19 45 
Operations:
0,49,2|2,6,31|31,26,25|25,28,8|8,18,38|38,43,24|24,33,13|13,10,44|44,42,23|23,47,9|9,34,35|35,32,20|20,45,0|
method: def_initPop
seed: 297720
Instance: 1
best_fitness: 426.152
current_iteration: 8767
last_update_iteration: 175
current_time: 120.006s
last_update_time: 2.37983s
largest_iteration_offset: 38
stalled_iterations: 8592
path_relink_time: 0s
num_path_relink_calls: 0
num_homogenities: 0
num_best_improvements: 0
num_elite_improvements: 0
num_exchanges: 0
num_shakes: 0
num_resets: 0
