Custom stopping criteria not supplied by the user. Using max. time = 120s and max. stall_offset = 0
Using 1 threads for decoding
initialization time: 0.0237838
best warm start solution: 487.952
TSP tour:
0 45 29 2 6 49 31 7 26 15 22 12 25 28 8 18 30 38 43 27 39 16 17 4 24 21 33 40 41 3 13 10 37 48 44 1 42 23 5 36 47 46 9 34 11 14 35 32 20 19 
Operations:
0,45,2|2,49,31|31,26,25|25,28,8|8,18,38|38,43,24|24,33,13|13,10,44|44,42,23|23,47,9|9,34,35|35,32,20|20,19,0|
method: def_initPop
seed: 8434820
Instance: 1
best_fitness: 429.803
current_iteration: 8675
last_update_iteration: 225
current_time: 120.005s
last_update_time: 3.07767s
largest_iteration_offset: 92
stalled_iterations: 8450
path_relink_time: 0s
num_path_relink_calls: 0
num_homogenities: 0
num_best_improvements: 0
num_elite_improvements: 0
num_exchanges: 0
num_shakes: 0
num_resets: 0
