Custom stopping criteria not supplied by the user. Using max. time = 60s and max. stall_offset = 0
Using 1 threads for decoding
initialization time: 0.111318
best warm start solution: 640.774
TSP tour:
0 22 44 92 21 89 40 73 8 82 58 27 50 95 71 9 91 17 64 76 67 13 24 61 26 48 42 55 12 19 53 62 28 52 99 34 33 56 81 47 84 59 88 74 11 16 68 85 43 63 86 5 57 20 75 77 2 54 39 66 38 90 72 30 49 87 4 18 41 25 45 6 70 80 83 15 93 97 36 1 10 46 78 31 60 69 37 51 94 29 35 96 32 7 79 3 65 98 14 23 
Operations:
0,44,92|92,21,89|89,40,8|8,58,27|27,95,71|71,9,91|91,17,64|64,76,13|13,24,61|61,26,48|48,42,55|55,12,53|53,62,28|28,52,99|99,34,33|33,56,81|81,84,59|59,74,11|11,68,85|85,43,63|63,5,57|57,20,75|75,54,66|66,38,90|90,72,30|30,4,18|18,41,45|45,6,70|70,80,83|83,15,93|93,36,1|1,10,46|46,78,31|31,60,37|37,51,29|29,35,79|79,65,98|98,14,0|
method: def_initPop
seed: 7515072
Instance: 1
best_fitness: 571.511
current_iteration: 2965
last_update_iteration: 478
current_time: 60.0155s
last_update_time: 9.65188s
largest_iteration_offset: 139
stalled_iterations: 2487
path_relink_time: 0s
num_path_relink_calls: 0
num_homogenities: 0
num_best_improvements: 0
num_elite_improvements: 0
num_exchanges: 0
num_shakes: 0
num_resets: 0
