Custom stopping criteria not supplied by the user. Using max. time = 30s and max. stall_offset = 0
Using 1 threads for decoding
initialization time: 0.0359103
best warm start solution: 968.502
TSP tour:
0 11 2 7 51 68 50 37 33 25 61 47 71 48 16 22 13 17 1 35 63 9 31 49 64 8 74 28 27 70 54 26 58 29 46 12 53 32 52 10 20 19 43 65 34 5 36 21 69 4 55 23 45 40 57 66 38 60 30 44 39 67 56 41 62 15 73 3 42 72 24 59 14 18 6 
Operations:
0,7,68|68,25,16|16,22,17|17,63,64|64,74,28|28,27,58|58,32,10|10,20,43|43,34,55|55,45,40|40,60,30|30,62,15|15,73,3|3,42,72|72,24,59|59,14,18|18,6,0|
method: def_initPop
seed: 2700001
Instance: 1
best_fitness: 895.544
current_iteration: 1222
last_update_iteration: 379
current_time: 30.0182s
last_update_time: 9.22988s
largest_iteration_offset: 164
stalled_iterations: 843
path_relink_time: 0s
num_path_relink_calls: 0
num_homogenities: 0
num_best_improvements: 0
num_elite_improvements: 0
num_exchanges: 0
num_shakes: 0
num_resets: 0
