Custom stopping criteria not supplied by the user. Using max. time = 60s and max. stall_offset = 0
Using 1 threads for decoding
initialization time: 0.0153409
best warm start solution: 435.049
TSP tour:
0 14 46 31 36 47 16 23 41 28 34 30 38 2 35 4 37 12 48 9 5 42 32 19 11 49 20 21 26 13 6 29 10 45 22 27 40 43 39 3 8 18 17 33 7 44 24 15 25 1 
Operations:
0,46,36|36,47,16|16,23,28|28,34,30|30,38,2|2,4,37|37,12,48|48,5,42|42,32,19|19,11,20|20,21,13|13,29,10|10,27,40|40,43,39|39,3,8|8,18,17|17,33,7|7,44,15|15,25,1|1,-1,0|
method: def_initPop
seed: 8434820
Instance: 1
best_fitness: 392.058
current_iteration: 4680
last_update_iteration: 209
current_time: 60.0032s
last_update_time: 2.68121s
largest_iteration_offset: 51
stalled_iterations: 4471
path_relink_time: 0s
num_path_relink_calls: 0
num_homogenities: 0
num_best_improvements: 0
num_elite_improvements: 0
num_exchanges: 0
num_shakes: 0
num_resets: 0
