Custom stopping criteria not supplied by the user. Using max. time = 30s and max. stall_offset = 0
Using 1 threads for decoding
initialization time: 0.0290085
best warm start solution: 974.351
TSP tour:
0 6 34 10 13 26 29 5 33 19 27 14 44 17 32 28 18 39 16 36 25 35 43 37 30 9 38 2 42 12 41 45 15 20 31 23 24 49 4 48 46 7 1 3 40 47 21 8 22 11 
Operations:
0,34,26|26,33,14|14,32,28|28,18,9|9,2,12|12,20,47|47,22,0|
method: def_initPop
seed: 8434820
Instance: 1
best_fitness: 968.019
current_iteration: 1471
last_update_iteration: 100
current_time: 30.0176s
last_update_time: 1.94374s
largest_iteration_offset: 87
stalled_iterations: 1371
path_relink_time: 0s
num_path_relink_calls: 0
num_homogenities: 0
num_best_improvements: 0
num_elite_improvements: 0
num_exchanges: 0
num_shakes: 0
num_resets: 0
