Custom stopping criteria not supplied by the user. Using max. time = 30s and max. stall_offset = 0
Using 1 threads for decoding
initialization time: 0.694618
best warm start solution: 864.592
TSP tour:
0 41 18 81 77 9 69 27 66 34 37 14 40 93 89 30 28 11 92 96 26 24 62 82 53 36 39 49 63 33 52 4 3 48 59 57 64 54 83 5 29 35 73 91 17 95 13 55 58 7 8 22 84 67 76 79 47 50 32 71 43 51 88 80 99 10 38 44 70 85 2 87 60 12 6 86 98 31 25 61 68 97 23 42 72 94 75 19 1 20 46 56 15 78 16 74 65 45 21 90 
Operations:
0,28,92|92,53,36|36,39,83|83,5,13|13,58,7|7,67,76|76,87,60|60,12,94|94,1,20|20,78,45|45,90,0|
method: def_initPop
seed: 1764168
Instance: 1
best_fitness: 864.592
current_iteration: 574
last_update_iteration: 1
current_time: 30.053s
last_update_time: 0.0462433s
largest_iteration_offset: 1
stalled_iterations: 573
path_relink_time: 0s
num_path_relink_calls: 0
num_homogenities: 0
num_best_improvements: 0
num_elite_improvements: 0
num_exchanges: 0
num_shakes: 0
num_resets: 0
