Custom stopping criteria not supplied by the user. Using max. time = 240s and max. stall_offset = 0
Using 1 threads for decoding
initialization time: 0.0228585
best warm start solution: 622.681
TSP tour:
0 10 12 29 21 27 16 17 34 37 33 35 22 45 47 49 1 2 9 43 13 25 6 38 20 5 32 28 19 24 3 23 42 36 8 14 30 44 18 26 31 15 11 39 40 41 7 4 48 46 
Operations:
0,10,29|29,21,27|27,16,17|17,34,37|37,33,35|35,22,45|45,47,49|49,2,9|9,13,25|25,6,20|20,5,32|32,23,42|42,36,8|36,8,14|14,18,31|31,15,11|11,39,40|40,7,4|4,48,0|
method: def_initPop
seed: 1764168
Instance: 1
best_fitness: 472.075
current_iteration: 19744
last_update_iteration: 95
current_time: 240.012s
last_update_time: 1.17261s
largest_iteration_offset: 24
stalled_iterations: 19649
path_relink_time: 0s
num_path_relink_calls: 0
num_homogenities: 0
num_best_improvements: 0
num_elite_improvements: 0
num_exchanges: 0
num_shakes: 0
num_resets: 0
