Custom stopping criteria not supplied by the user. Using max. time = 120s and max. stall_offset = 0
Using 1 threads for decoding
initialization time: 0.0790054
best warm start solution: 1097.2
TSP tour:
0 77 52 13 70 97 62 81 92 59 87 88 12 78 75 90 41 95 8 67 3 83 27 40 22 5 18 72 21 68 26 23 93 46 16 56 15 69 45 7 89 55 35 58 34 44 54 74 86 91 64 38 11 60 66 94 43 2 14 98 50 36 53 82 6 71 49 73 79 19 39 1 25 28 47 17 4 37 61 20 80 99 31 10 30 48 51 57 9 65 84 32 85 76 63 24 96 29 42 33 
Operations:
0,52,13|13,97,62|62,81,92|92,59,87|87,88,12|12,78,75|78,90,41|41,95,8|8,67,3|3,83,27|27,40,22|40,22,5|5,18,72|72,21,68|68,26,23|23,93,16|16,56,15|15,69,45|45,7,89|89,55,35|35,58,44|44,54,74|74,86,91|86,91,64|64,38,11|11,60,66|66,94,43|43,2,14|14,98,50|50,36,53|53,71,49|49,73,79|79,1,28|28,47,17|17,4,37|37,61,80|80,99,31|31,10,30|30,48,51|51,57,9|9,65,84|84,32,85|85,76,63|63,24,96|96,29,42|42,33,0|
method: def_initPop
seed: 1764168
Instance: 1
best_fitness: 889.221
current_iteration: 4865
last_update_iteration: 395
current_time: 120.012s
last_update_time: 9.66482s
largest_iteration_offset: 109
stalled_iterations: 4470
path_relink_time: 0s
num_path_relink_calls: 0
num_homogenities: 0
num_best_improvements: 0
num_elite_improvements: 0
num_exchanges: 0
num_shakes: 0
num_resets: 0
