Custom stopping criteria not supplied by the user. Using max. time = 15s and max. stall_offset = 0
Using 1 threads for decoding
initialization time: 0.0608917
best warm start solution: 756.02
TSP tour:
0 2 15 4 29 8 17 27 53 18 36 20 40 12 42 39 11 49 45 68 9 63 3 5 26 46 64 65 59 52 55 7 70 74 62 69 25 33 56 28 22 37 21 60 19 50 72 48 1 67 43 31 73 23 24 47 30 35 66 57 38 44 16 54 34 71 58 6 10 41 51 61 14 13 32 
Operations:
0,15,4|4,29,17|17,27,53|53,18,36|18,20,40|40,12,42|42,39,11|11,68,5|5,64,59|59,70,74|74,69,25|25,56,28|28,22,37|37,21,60|60,19,50|50,72,48|48,67,43|43,73,23|23,24,47|47,30,35|35,66,38|38,44,71|71,58,6|6,41,51|51,61,13|13,32,0|
method: def_initPop
seed: 297720
Instance: 1
best_fitness: 637.128
current_iteration: 748
last_update_iteration: 442
current_time: 15.0154s
last_update_time: 8.85835s
largest_iteration_offset: 76
stalled_iterations: 306
path_relink_time: 0s
num_path_relink_calls: 0
num_homogenities: 0
num_best_improvements: 0
num_elite_improvements: 0
num_exchanges: 0
num_shakes: 0
num_resets: 0
