Custom stopping criteria not supplied by the user. Using max. time = 15s and max. stall_offset = 0
Using 1 threads for decoding
initialization time: 0.0477128
best warm start solution: 756.02
TSP tour:
0 4 2 8 15 17 28 25 33 56 27 22 53 18 20 36 44 29 66 12 38 73 35 34 47 30 9 24 45 40 49 11 42 68 39 64 69 7 74 55 70 52 59 65 26 5 46 3 63 23 57 31 1 43 48 21 72 19 37 50 60 61 51 41 67 58 10 6 54 71 16 14 62 32 13 
Operations:
0,4,2|2,8,15|15,17,28|28,25,33|33,56,27|27,22,53|53,20,36|36,12,73|73,34,47|47,9,24|24,40,11|11,42,68|68,39,64|64,69,7|7,70,59|59,65,26|26,46,3|3,63,23|23,57,1|1,43,48|48,21,19|19,37,50|50,60,61|61,51,67|67,58,10|10,54,71|71,16,14|14,62,0|
method: def_initPop
seed: 7515072
Instance: 1
best_fitness: 648.265
current_iteration: 729
last_update_iteration: 218
current_time: 15.0032s
last_update_time: 4.37822s
largest_iteration_offset: 50
stalled_iterations: 511
path_relink_time: 0s
num_path_relink_calls: 0
num_homogenities: 0
num_best_improvements: 0
num_elite_improvements: 0
num_exchanges: 0
num_shakes: 0
num_resets: 0
