Custom stopping criteria not supplied by the user. Using max. time = 240s and max. stall_offset = 0
Using 1 threads for decoding
initialization time: 0.0395551
best warm start solution: 771.23
TSP tour:
0 21 4 36 35 1 28 17 8 13 23 49 39 5 41 47 48 25 19 2 43 24 18 46 33 44 7 9 34 42 38 6 31 32 15 11 22 45 16 26 29 14 30 12 37 20 27 40 3 10 
Operations:
0,21,4|4,35,1|1,28,17|17,13,23|23,49,39|39,5,47|47,48,25|25,19,2|2,43,24|24,18,46|46,33,44|44,7,9|9,34,42|42,31,32|32,11,22|22,45,16|16,26,29|29,14,30|30,37,20|20,27,40|40,10,0|
method: def_initPop
seed: 297720
Instance: 1
best_fitness: 683.149
current_iteration: 19193
last_update_iteration: 546
current_time: 240.003s
last_update_time: 6.84043s
largest_iteration_offset: 91
stalled_iterations: 18647
path_relink_time: 0s
num_path_relink_calls: 0
num_homogenities: 0
num_best_improvements: 0
num_elite_improvements: 0
num_exchanges: 0
num_shakes: 0
num_resets: 0
