Custom stopping criteria not supplied by the user. Using max. time = 240s and max. stall_offset = 0
Using 1 threads for decoding
initialization time: 0.0949187
best warm start solution: 580.056
TSP tour:
0 1 49 40 61 45 38 7 50 53 9 32 8 5 60 27 35 15 42 47 55 57 31 18 22 4 48 68 37 72 30 44 25 39 51 17 41 65 58 69 64 70 19 20 73 56 29 46 23 3 6 14 26 13 11 59 74 43 24 66 16 33 54 52 67 2 21 10 63 28 34 71 12 62 36 
Operations:
0,1,61|61,45,53|53,35,42|42,31,18|18,48,37|37,72,64|64,29,23|23,26,13|13,74,43|43,54,52|52,10,63|63,28,36|36,-1,0|
method: def_initPop
seed: 1764168
Instance: 1
best_fitness: 560.994
current_iteration: 6341
last_update_iteration: 217
current_time: 240.029s
last_update_time: 7.99721s
largest_iteration_offset: 74
stalled_iterations: 6124
path_relink_time: 0s
num_path_relink_calls: 0
num_homogenities: 0
num_best_improvements: 0
num_elite_improvements: 0
num_exchanges: 0
num_shakes: 0
num_resets: 0
