Custom stopping criteria not supplied by the user. Using max. time = 15s and max. stall_offset = 0
Using 1 threads for decoding
initialization time: 0.0199322
best warm start solution: 524.83
TSP tour:
0 16 18 22 9 36 3 20 2 5 24 42 13 25 43 15 44 17 1 48 47 7 38 26 19 40 29 41 27 31 34 23 30 39 46 12 6 8 37 33 49 32 45 14 21 4 10 11 28 35 
Operations:
0,16,18|18,22,9|9,36,3|3,20,5|5,24,13|13,25,43|43,15,44|44,1,48|48,47,7|7,38,19|19,40,29|29,41,31|31,34,30|30,39,46|46,12,6|6,8,37|37,33,49|49,32,45|45,14,21|21,4,28|28,35,0|
method: def_initPop
seed: 1764168
Instance: 1
best_fitness: 432.213
current_iteration: 1254
last_update_iteration: 184
current_time: 15.0017s
last_update_time: 2.19885s
largest_iteration_offset: 65
stalled_iterations: 1070
path_relink_time: 0s
num_path_relink_calls: 0
num_homogenities: 0
num_best_improvements: 0
num_elite_improvements: 0
num_exchanges: 0
num_shakes: 0
num_resets: 0
