Custom stopping criteria not supplied by the user. Using max. time = 15s and max. stall_offset = 0
Using 1 threads for decoding
initialization time: 0.0873948
best warm start solution: 687.686
TSP tour:
0 24 22 63 37 46 60 80 11 83 64 86 49 53 50 75 73 51 52 12 95 43 48 89 40 31 85 10 55 99 32 7 97 47 17 19 8 93 68 44 96 14 72 1 62 78 54 84 26 25 74 82 23 79 58 4 41 45 65 15 90 36 38 81 70 59 13 34 33 71 29 98 42 2 77 88 9 92 28 30 87 67 3 35 16 20 91 57 94 6 5 61 39 69 76 56 21 27 66 18 
Operations:
0,24,22|22,37,11|11,83,50|50,51,52|52,95,89|89,10,99|40,10,32|32,97,19|19,68,54|54,84,82|82,23,4|4,70,59|59,29,98|98,88,9|9,92,67|67,3,91|91,94,5|5,39,0|
method: def_initPop
seed: 7515072
Instance: 1
best_fitness: 670.648
current_iteration: 312
last_update_iteration: 188
current_time: 15.0163s
last_update_time: 8.80937s
largest_iteration_offset: 115
stalled_iterations: 124
path_relink_time: 0s
num_path_relink_calls: 0
num_homogenities: 0
num_best_improvements: 0
num_elite_improvements: 0
num_exchanges: 0
num_shakes: 0
num_resets: 0
