Custom stopping criteria not supplied by the user. Using max. time = 15s and max. stall_offset = 0
Using 1 threads for decoding
initialization time: 0.0253077
best warm start solution: 486.703
TSP tour:
0 25 26 21 46 34 3 1 41 19 37 10 11 23 20 22 29 4 49 39 12 30 32 38 27 9 8 31 44 13 6 40 43 33 35 28 47 18 15 24 7 48 17 36 14 42 5 16 2 45 
Operations:
0,25,34|34,19,10|3,19,11|11,22,4|4,39,12|12,9,44|44,13,15|15,36,14|14,5,45|45,-1,0|
method: def_initPop
seed: 2700001
Instance: 1
best_fitness: 468.326
current_iteration: 805
last_update_iteration: 144
current_time: 15.0009s
last_update_time: 2.61651s
largest_iteration_offset: 84
stalled_iterations: 661
path_relink_time: 0s
num_path_relink_calls: 0
num_homogenities: 0
num_best_improvements: 0
num_elite_improvements: 0
num_exchanges: 0
num_shakes: 0
num_resets: 0
