Custom stopping criteria not supplied by the user. Using max. time = 120s and max. stall_offset = 0
Using 1 threads for decoding
initialization time: 0.0466118
best warm start solution: 935.8
TSP tour:
0 29 31 36 43 8 35 41 15 38 49 14 19 32 48 3 44 28 45 5 30 21 11 23 13 46 42 10 26 20 34 27 7 12 1 2 16 39 17 22 4 25 6 37 9 40 18 47 24 33 
Operations:
0,31,43|43,35,41|41,38,14|14,19,32|32,48,3|3,28,30|30,21,11|11,23,13|13,46,42|42,10,26|26,20,27|27,16,17|17,22,25|25,6,37|37,9,0|
method: def_initPop
seed: 297720
Instance: 1
best_fitness: 807.919
current_iteration: 8852
last_update_iteration: 286
current_time: 120.005s
last_update_time: 3.86461s
largest_iteration_offset: 65
stalled_iterations: 8566
path_relink_time: 0s
num_path_relink_calls: 0
num_homogenities: 0
num_best_improvements: 0
num_elite_improvements: 0
num_exchanges: 0
num_shakes: 0
num_resets: 0
