Custom stopping criteria not supplied by the user. Using max. time = 120s and max. stall_offset = 0
Using 1 threads for decoding
initialization time: 0.0263076
best warm start solution: 859.78
TSP tour:
0 10 6 34 13 22 26 29 33 19 14 27 44 17 32 28 18 39 16 36 25 35 43 5 30 37 9 38 42 2 12 41 20 45 15 31 23 24 49 4 7 48 46 1 40 3 47 8 21 11 
Operations:
0,10,6|6,34,13|13,22,26|26,33,19|19,14,27|27,44,17|17,32,28|28,18,36|36,25,35|35,43,5|43,5,30|30,37,38|38,42,2|2,12,41|41,20,23|23,7,46|46,1,40|40,3,47|47,8,21|21,11,0|
method: def_initPop
seed: 1764168
Instance: 1
best_fitness: 815.021
current_iteration: 8863
last_update_iteration: 356
current_time: 120.005s
last_update_time: 4.78601s
largest_iteration_offset: 213
stalled_iterations: 8507
path_relink_time: 0s
num_path_relink_calls: 0
num_homogenities: 0
num_best_improvements: 0
num_elite_improvements: 0
num_exchanges: 0
num_shakes: 0
num_resets: 0
