Custom stopping criteria not supplied by the user. Using max. time = 15s and max. stall_offset = 0
Using 1 threads for decoding
initialization time: 0.0161742
best warm start solution: 596.02
TSP tour:
0 21 12 19 31 42 20 23 37 11 15 33 32 35 6 24 22 46 49 4 44 38 39 16 45 9 25 7 1 26 3 29 43 14 10 30 48 13 18 17 2 36 40 28 5 47 8 34 27 41 
Operations:
0,12,19|19,31,23|23,37,11|11,15,33|33,32,35|35,6,24|24,49,4|4,44,39|39,16,9|9,25,7|7,1,26|26,43,14|14,30,13|13,18,17|17,2,36|36,5,47|47,41,0|
method: def_initPop
seed: 297720
Instance: 1
best_fitness: 543.158
current_iteration: 1146
last_update_iteration: 87
current_time: 15.0035s
last_update_time: 1.13527s
largest_iteration_offset: 32
stalled_iterations: 1059
path_relink_time: 0s
num_path_relink_calls: 0
num_homogenities: 0
num_best_improvements: 0
num_elite_improvements: 0
num_exchanges: 0
num_shakes: 0
num_resets: 0
