Custom stopping criteria not supplied by the user. Using max. time = 15s and max. stall_offset = 0
Using 1 threads for decoding
initialization time: 0.0176041
best warm start solution: 596.02
TSP tour:
0 21 19 41 42 31 20 23 37 11 6 15 33 32 35 49 24 46 22 4 44 38 39 16 45 9 25 1 43 7 26 3 30 29 14 10 18 48 13 2 17 12 36 40 28 47 5 34 8 27 
Operations:
0,41,42|42,31,23|23,37,11|11,6,33|33,49,24|24,22,4|4,44,39|39,16,9|9,25,1|1,43,3|3,30,14|14,18,13|13,2,17|17,12,36|36,5,34|34,8,0|
method: def_initPop
seed: 8434820
Instance: 1
best_fitness: 541.493
current_iteration: 1140
last_update_iteration: 656
current_time: 15.0125s
last_update_time: 8.62434s
largest_iteration_offset: 239
stalled_iterations: 484
path_relink_time: 0s
num_path_relink_calls: 0
num_homogenities: 0
num_best_improvements: 0
num_elite_improvements: 0
num_exchanges: 0
num_shakes: 0
num_resets: 0
