Custom stopping criteria not supplied by the user. Using max. time = 60s and max. stall_offset = 0
Using 1 threads for decoding
initialization time: 0.0537311
best warm start solution: 537.219
TSP tour:
0 26 32 24 44 42 52 74 22 37 49 13 2 66 40 58 19 17 64 15 51 46 56 65 29 47 28 39 54 7 30 4 53 34 48 43 20 71 67 38 70 6 61 3 5 23 11 25 12 31 72 69 50 73 60 18 41 45 57 62 59 21 14 55 36 16 9 35 10 8 27 1 68 33 63 
Operations:
0,26,32|32,24,42|42,52,74|74,22,37|37,13,2|2,66,58|58,19,17|17,64,15|15,51,29|29,47,39|39,54,7|7,4,48|48,20,71|71,70,6|6,61,5|5,23,12|12,31,72|72,60,18|18,45,57|57,62,59|59,21,14|21,14,55|55,36,35|35,8,27|27,1,33|33,63,0|
method: def_initPop
seed: 297720
Instance: 1
best_fitness: 474.794
current_iteration: 2769
last_update_iteration: 236
current_time: 60.012s
last_update_time: 5.06953s
largest_iteration_offset: 101
stalled_iterations: 2533
path_relink_time: 0s
num_path_relink_calls: 0
num_homogenities: 0
num_best_improvements: 0
num_elite_improvements: 0
num_exchanges: 0
num_shakes: 0
num_resets: 0
