Custom stopping criteria not supplied by the user. Using max. time = 60s and max. stall_offset = 0
Using 1 threads for decoding
initialization time: 0.0537879
best warm start solution: 537.219
TSP tour:
0 24 32 44 42 51 26 52 22 74 37 13 49 66 40 2 58 19 17 64 15 56 46 65 47 29 54 28 39 4 7 30 34 48 53 43 20 71 31 67 38 6 70 61 60 3 23 5 11 72 12 25 69 73 50 18 41 45 57 62 59 21 14 55 36 16 9 35 8 10 27 68 1 33 63 
Operations:
0,24,32|32,51,26|26,52,22|22,13,49|49,66,40|40,2,58|58,19,17|17,64,15|15,56,46|46,47,29|29,54,39|39,4,7|7,30,34|34,53,43|43,20,71|71,31,67|67,38,6|6,70,61|61,60,3|3,23,11|11,72,25|25,69,73|73,50,18|18,45,57|57,62,59|59,21,14|21,14,55|55,36,35|35,8,27|27,68,1|68,1,33|33,63,0|
method: def_initPop
seed: 7515072
Instance: 1
best_fitness: 464.143
current_iteration: 2797
last_update_iteration: 303
current_time: 60.012s
last_update_time: 6.43837s
largest_iteration_offset: 61
stalled_iterations: 2494
path_relink_time: 0s
num_path_relink_calls: 0
num_homogenities: 0
num_best_improvements: 0
num_elite_improvements: 0
num_exchanges: 0
num_shakes: 0
num_resets: 0
