Custom stopping criteria not supplied by the user. Using max. time = 60s and max. stall_offset = 0
Using 1 threads for decoding
initialization time: 0.0231658
best warm start solution: 772.758
TSP tour:
0 6 45 2 17 18 12 69 31 16 58 1 42 32 13 68 27 25 37 60 21 44 19 49 15 28 30 57 43 22 64 24 35 73 48 39 47 53 71 5 7 38 8 36 23 34 65 63 14 26 9 61 29 70 3 46 20 52 74 11 59 50 33 51 4 40 66 10 62 72 41 55 54 67 56 
Operations:
0,57,73|73,39,47|47,71,7|7,8,36|36,23,26|26,70,20|20,52,51|51,66,10|10,62,67|67,56,0|
method: def_initPop
seed: 297720
Instance: 1
best_fitness: 761.583
current_iteration: 1996
last_update_iteration: 186
current_time: 60.0259s
last_update_time: 5.30066s
largest_iteration_offset: 146
stalled_iterations: 1810
path_relink_time: 0s
num_path_relink_calls: 0
num_homogenities: 0
num_best_improvements: 0
num_elite_improvements: 0
num_exchanges: 0
num_shakes: 0
num_resets: 0
