Custom stopping criteria not supplied by the user. Using max. time = 15s and max. stall_offset = 0
Using 1 threads for decoding
initialization time: 0.0301855
best warm start solution: 622.681
TSP tour:
0 17 12 29 16 27 21 34 22 35 45 49 47 1 13 9 25 43 6 38 5 20 2 32 19 28 24 37 3 33 42 36 8 14 23 30 44 26 15 31 18 11 40 39 41 7 4 10 46 48 
Operations:
0,17,29|29,16,27|27,34,22|22,35,45|45,13,9|9,25,43|43,6,38|38,5,20|20,2,19|19,28,24|24,37,3|3,33,36|36,8,14|14,23,44|44,18,11|11,39,41|41,7,10|10,48,0|
method: def_initPop
seed: 7515072
Instance: 1
best_fitness: 481.682
current_iteration: 1217
last_update_iteration: 458
current_time: 15.0017s
last_update_time: 5.62796s
largest_iteration_offset: 248
stalled_iterations: 759
path_relink_time: 0s
num_path_relink_calls: 0
num_homogenities: 0
num_best_improvements: 0
num_elite_improvements: 0
num_exchanges: 0
num_shakes: 0
num_resets: 0
