Custom stopping criteria not supplied by the user. Using max. time = 15s and max. stall_offset = 0
Using 1 threads for decoding
initialization time: 0.0250088
best warm start solution: 419.131
TSP tour:
0 12 35 4 3 5 18 14 20 7 39 43 31 15 21 25 11 47 6 16 49 29 46 28 26 1 45 48 40 38 22 9 13 10 8 24 36 41 37 30 34 32 17 33 42 19 2 44 23 27 
Operations:
0,12,35|35,4,3|3,5,18|18,20,7|7,31,21|21,11,47|47,6,16|16,49,29|29,46,28|28,26,1|1,45,40|40,38,22|38,22,9|9,13,10|10,24,36|36,41,37|37,30,32|32,17,33|33,42,19|19,2,23|23,27,0|
method: def_initPop
seed: 1764168
Instance: 1
best_fitness: 379.305
current_iteration: 1155
last_update_iteration: 214
current_time: 15.0088s
last_update_time: 2.77716s
largest_iteration_offset: 120
stalled_iterations: 941
path_relink_time: 0s
num_path_relink_calls: 0
num_homogenities: 0
num_best_improvements: 0
num_elite_improvements: 0
num_exchanges: 0
num_shakes: 0
num_resets: 0
