Custom stopping criteria not supplied by the user. Using max. time = 15s and max. stall_offset = 0
Using 1 threads for decoding
initialization time: 0.0493213
best warm start solution: 1216.68
TSP tour:
0 54 61 6 49 15 50 27 66 29 64 52 31 58 39 57 23 37 17 5 68 48 19 60 40 13 70 59 20 42 62 46 33 63 44 30 24 25 26 41 21 36 69 32 55 4 71 65 14 22 53 1 38 3 11 47 72 12 34 8 2 43 16 10 45 73 35 18 67 51 9 56 7 28 74 
Operations:
0,61,49|49,29,64|64,23,68|68,19,70|70,59,46|46,33,63|63,25,41|41,69,55|55,71,14|14,11,47|47,72,45|45,73,9|9,74,0|
method: def_initPop
seed: 1764168
Instance: 1
best_fitness: 1216.43
current_iteration: 389
last_update_iteration: 132
current_time: 15.0299s
last_update_time: 4.90842s
largest_iteration_offset: 131
stalled_iterations: 257
path_relink_time: 0s
num_path_relink_calls: 0
num_homogenities: 0
num_best_improvements: 0
num_elite_improvements: 0
num_exchanges: 0
num_shakes: 0
num_resets: 0
