Custom stopping criteria not supplied by the user. Using max. time = 15s and max. stall_offset = 0
Using 1 threads for decoding
initialization time: 0.0494641
best warm start solution: 1216.68
TSP tour:
0 54 61 49 6 15 50 27 66 26 29 24 64 52 31 23 58 39 57 37 17 5 68 48 60 40 19 13 70 59 20 42 62 46 33 63 44 30 25 41 21 69 36 32 55 4 65 71 14 38 22 53 1 3 11 47 72 12 34 8 2 43 16 10 45 73 35 18 67 51 9 56 7 74 28 
Operations:
0,61,6|6,29,64|64,23,68|68,19,70|70,59,46|46,33,63|63,25,21|21,69,4|4,71,38|38,11,47|47,72,45|45,73,9|9,74,0|
method: def_initPop
seed: 8434820
Instance: 1
best_fitness: 1200.34
current_iteration: 391
last_update_iteration: 157
current_time: 15.008s
last_update_time: 5.81536s
largest_iteration_offset: 117
stalled_iterations: 234
path_relink_time: 0s
num_path_relink_calls: 0
num_homogenities: 0
num_best_improvements: 0
num_elite_improvements: 0
num_exchanges: 0
num_shakes: 0
num_resets: 0
