Custom stopping criteria not supplied by the user. Using max. time = 15s and max. stall_offset = 0
Using 1 threads for decoding
initialization time: 0.879503
best warm start solution: 810.676
TSP tour:
0 30 51 12 32 11 63 49 60 41 15 54 43 34 37 3 52 25 36 10 35 33 61 5 55 22 7 46 68 53 66 57 59 6 50 23 74 64 28 44 2 19 13 42 20 45 56 1 16 39 14 72 24 40 70 73 4 38 62 58 18 48 9 8 26 27 67 31 71 65 47 69 29 17 21 
Operations:
0,30,51|51,12,32|32,63,49|49,60,41|41,54,43|43,3,52|52,25,36|36,10,35|35,33,5|5,55,46|46,59,74|74,44,19|19,13,42|42,56,1|1,16,39|39,72,24|24,73,4|4,38,62|62,18,48|48,8,0|
method: def_initPop
seed: 8434820
Instance: 1
best_fitness: 609.821
current_iteration: 736
last_update_iteration: 422
current_time: 15.0003s
last_update_time: 8.48127s
largest_iteration_offset: 76
stalled_iterations: 314
path_relink_time: 0s
num_path_relink_calls: 0
num_homogenities: 0
num_best_improvements: 0
num_elite_improvements: 0
num_exchanges: 0
num_shakes: 0
num_resets: 0
