Custom stopping criteria not supplied by the user. Using max. time = 15s and max. stall_offset = 0
Using 1 threads for decoding
initialization time: 0.0298356
best warm start solution: 1008.19
TSP tour:
0 6 13 10 1 15 46 28 32 39 9 3 38 40 41 26 19 45 27 7 49 21 11 23 30 12 22 5 44 24 36 48 14 33 34 8 31 4 16 18 17 2 25 42 47 29 43 20 37 35 
Operations:
0,6,9|9,38,41|41,27,7|7,23,30|30,12,36|36,4,16|16,17,2|2,29,0|
method: def_initPop
seed: 8434820
Instance: 1
best_fitness: 972.052
current_iteration: 749
last_update_iteration: 234
current_time: 15.0134s
last_update_time: 4.62805s
largest_iteration_offset: 88
stalled_iterations: 515
path_relink_time: 0s
num_path_relink_calls: 0
num_homogenities: 0
num_best_improvements: 0
num_elite_improvements: 0
num_exchanges: 0
num_shakes: 0
num_resets: 0
