Custom stopping criteria not supplied by the user. Using max. time = 120s and max. stall_offset = 0
Using 1 threads for decoding
initialization time: 0.0277899
best warm start solution: 1008.19
TSP tour:
0 13 1 44 15 6 28 32 39 9 3 38 40 41 26 19 45 27 7 49 21 11 23 30 12 22 46 5 24 36 48 33 34 8 31 2 18 14 16 17 4 29 25 42 47 43 20 37 35 10 
Operations:
0,6,9|9,38,41|41,27,7|7,23,30|30,12,48|48,14,29|29,10,0|
method: def_initPop
seed: 1764168
Instance: 1
best_fitness: 972.03
current_iteration: 5925
last_update_iteration: 292
current_time: 120.008s
last_update_time: 5.83452s
largest_iteration_offset: 160
stalled_iterations: 5633
path_relink_time: 0s
num_path_relink_calls: 0
num_homogenities: 0
num_best_improvements: 0
num_elite_improvements: 0
num_exchanges: 0
num_shakes: 0
num_resets: 0
