Custom stopping criteria not supplied by the user. Using max. time = 240s and max. stall_offset = 0
Using 1 threads for decoding
initialization time: 0.0328205
best warm start solution: 486.703
TSP tour:
0 26 21 25 46 34 3 1 33 41 37 10 11 23 20 19 29 4 49 39 22 31 44 12 8 30 32 38 9 27 13 6 40 35 43 28 47 18 15 24 7 36 48 17 14 5 42 16 2 45 
Operations:
0,25,34|34,33,23|23,19,39|39,22,12|12,30,32|32,9,13|13,35,18|18,36,14|14,5,45|45,-1,0|
method: def_initPop
seed: 297720
Instance: 1
best_fitness: 477.376
current_iteration: 12764
last_update_iteration: 94
current_time: 240.016s
last_update_time: 1.70841s
largest_iteration_offset: 58
stalled_iterations: 12670
path_relink_time: 0s
num_path_relink_calls: 0
num_homogenities: 0
num_best_improvements: 0
num_elite_improvements: 0
num_exchanges: 0
num_shakes: 0
num_resets: 0
