Custom stopping criteria not supplied by the user. Using max. time = 30s and max. stall_offset = 0
Using 1 threads for decoding
initialization time: 0.0156668
best warm start solution: 487.782
TSP tour:
0 25 14 31 36 47 46 23 16 41 28 34 30 38 4 35 2 37 12 48 9 5 42 32 19 49 11 29 20 26 13 6 21 10 45 22 40 27 3 43 18 39 8 44 17 7 33 24 15 1 
Operations:
0,46,16|16,34,30|30,38,48|48,5,19|19,11,26|26,21,22|22,3,43|43,39,8|8,44,1|1,-1,0|
method: def_initPop
seed: 2700001
Instance: 1
best_fitness: 479.761
current_iteration: 1589
last_update_iteration: 78
current_time: 30.0122s
last_update_time: 1.42179s
largest_iteration_offset: 63
stalled_iterations: 1511
path_relink_time: 0s
num_path_relink_calls: 0
num_homogenities: 0
num_best_improvements: 0
num_elite_improvements: 0
num_exchanges: 0
num_shakes: 0
num_resets: 0
