Custom stopping criteria not supplied by the user. Using max. time = 15s and max. stall_offset = 0
Using 1 threads for decoding
initialization time: 0.0374733
best warm start solution: 825.184
TSP tour:
0 10 48 45 9 33 1 32 37 34 2 31 43 7 15 42 36 21 11 47 23 13 35 14 26 39 17 3 5 41 16 20 12 46 4 6 44 28 8 22 27 19 18 40 24 29 38 49 30 25 
Operations:
0,45,1|1,32,34|34,2,31|31,43,7|7,15,42|42,36,21|21,11,47|47,23,13|13,35,14|14,26,39|39,17,5|5,41,16|16,20,12|12,46,6|6,8,27|27,19,18|18,40,24|24,29,38|38,49,30|30,25,0|
method: def_initPop
seed: 1764168
Instance: 1
best_fitness: 689.017
current_iteration: 1191
last_update_iteration: 744
current_time: 15.003s
last_update_time: 9.34707s
largest_iteration_offset: 575
stalled_iterations: 447
path_relink_time: 0s
num_path_relink_calls: 0
num_homogenities: 0
num_best_improvements: 0
num_elite_improvements: 0
num_exchanges: 0
num_shakes: 0
num_resets: 0
