Custom stopping criteria not supplied by the user. Using max. time = 15s and max. stall_offset = 0
Using 1 threads for decoding
initialization time: 0.033547
best warm start solution: 532.68
TSP tour:
0 53 61 16 9 32 37 36 3 43 18 17 70 35 51 1 66 74 30 38 69 60 55 40 26 58 63 24 71 28 72 22 54 50 8 27 47 19 34 59 49 52 64 20 5 29 14 65 42 23 48 73 2 12 31 44 56 13 39 57 67 11 62 7 15 46 33 4 41 68 45 10 25 6 21 
Operations:
0,53,61|61,16,9|9,32,37|37,36,3|36,18,17|17,70,35|35,1,66|66,74,30|30,38,69|69,60,55|55,40,58|58,63,24|24,28,72|72,22,54|54,50,8|8,27,47|27,47,19|19,34,59|59,49,52|52,64,5|5,29,14|14,65,48|48,12,31|31,44,56|56,57,67|67,11,62|62,7,15|15,46,33|33,4,41|41,68,45|45,10,25|25,6,21|21,-1,0|
method: def_initPop
seed: 1764168
Instance: 1
best_fitness: 425.554
current_iteration: 784
last_update_iteration: 154
current_time: 15.0132s
last_update_time: 2.91752s
largest_iteration_offset: 37
stalled_iterations: 630
path_relink_time: 0s
num_path_relink_calls: 0
num_homogenities: 0
num_best_improvements: 0
num_elite_improvements: 0
num_exchanges: 0
num_shakes: 0
num_resets: 0
