Custom stopping criteria not supplied by the user. Using max. time = 15s and max. stall_offset = 0
Using 1 threads for decoding
initialization time: 0.0334972
best warm start solution: 532.68
TSP tour:
0 41 61 16 9 37 38 36 3 43 11 17 1 70 18 35 50 51 74 66 69 30 60 55 40 26 58 24 28 71 63 72 54 22 8 27 59 47 49 19 52 34 20 29 5 14 64 42 12 23 48 73 2 31 65 56 57 44 13 39 67 15 62 46 33 68 7 4 32 10 45 6 25 53 21 
Operations:
0,41,61|61,16,9|9,38,36|36,11,17|17,1,18|18,50,51|51,74,66|66,69,30|30,60,55|55,40,58|58,28,71|71,63,54|54,22,8|8,59,47|47,49,19|19,34,20|20,29,5|5,64,42|42,12,2|2,65,56|56,57,13|13,15,62|62,46,68|68,7,4|4,32,10|10,45,6|6,53,21|21,-1,0|
method: def_initPop
seed: 8434820
Instance: 1
best_fitness: 435.527
current_iteration: 785
last_update_iteration: 283
current_time: 15.006s
last_update_time: 5.39589s
largest_iteration_offset: 65
stalled_iterations: 502
path_relink_time: 0s
num_path_relink_calls: 0
num_homogenities: 0
num_best_improvements: 0
num_elite_improvements: 0
num_exchanges: 0
num_shakes: 0
num_resets: 0
