Custom stopping criteria not supplied by the user. Using max. time = 30s and max. stall_offset = 0
Using 1 threads for decoding
initialization time: 0.0776209
best warm start solution: 635.444
TSP tour:
0 24 22 39 63 46 37 60 80 11 83 64 49 86 53 50 73 75 51 12 43 48 95 89 40 31 55 99 85 32 7 10 84 97 47 17 19 8 68 96 14 72 44 1 93 62 78 54 26 74 25 82 23 79 58 52 4 41 45 65 15 36 90 70 38 81 59 34 13 71 33 29 98 77 42 2 9 88 28 92 30 87 3 67 16 91 20 6 5 94 61 76 69 56 21 57 27 66 18 35 
Operations:
0,24,22|22,39,46|46,37,11|11,83,64|64,49,86|86,53,50|50,73,75|75,51,12|12,43,48|48,95,89|89,40,31|31,55,99|99,85,10|10,84,47|47,17,19|19,68,96|96,44,1|1,93,26|26,25,82|82,23,79|79,52,15|15,36,90|90,70,59|59,34,13|13,71,33|33,29,98|98,77,42|42,2,9|9,88,28|28,92,87|87,3,67|67,16,91|91,20,6|6,94,61|61,76,69|69,56,21|21,57,27|27,35,0|
method: def_initPop
seed: 297720
Instance: 1
best_fitness: 583.345
current_iteration: 1084
last_update_iteration: 199
current_time: 30.0206s
last_update_time: 5.38573s
largest_iteration_offset: 87
stalled_iterations: 885
path_relink_time: 0s
num_path_relink_calls: 0
num_homogenities: 0
num_best_improvements: 0
num_elite_improvements: 0
num_exchanges: 0
num_shakes: 0
num_resets: 0
