Custom stopping criteria not supplied by the user. Using max. time = 15s and max. stall_offset = 0
Using 1 threads for decoding
initialization time: 0.0191027
best warm start solution: 488.441
TSP tour:
0 23 64 69 40 66 58 32 29 22 59 27 54 24 72 3 55 67 20 48 45 50 2 10 46 53 73 39 36 16 37 18 41 47 52 5 26 44 38 70 33 56 11 9 14 30 68 71 15 8 6 61 31 7 62 65 34 28 43 1 12 35 60 42 57 4 74 25 13 49 19 51 17 63 21 
Operations:
0,23,64|64,69,40|69,40,66|66,58,32|32,29,22|22,59,27|59,27,54|54,24,72|72,3,55|55,67,20|20,48,45|45,50,2|2,10,46|46,73,39|39,16,37|37,18,41|41,47,5|5,26,44|44,38,70|70,33,56|56,11,9|9,14,30|30,68,71|71,15,6|6,61,62|62,65,28|28,43,1|43,1,12|12,35,60|60,42,57|57,4,74|4,74,25|25,13,49|49,19,51|51,17,63|63,21,0|
method: def_initPop
seed: 297720
Instance: 1
best_fitness: 429.033
current_iteration: 784
last_update_iteration: 257
current_time: 15.0169s
last_update_time: 4.91838s
largest_iteration_offset: 92
stalled_iterations: 527
path_relink_time: 0s
num_path_relink_calls: 0
num_homogenities: 0
num_best_improvements: 0
num_elite_improvements: 0
num_exchanges: 0
num_shakes: 0
num_resets: 0
