Custom stopping criteria not supplied by the user. Using max. time = 15s and max. stall_offset = 0
Using 1 threads for decoding
initialization time: 0.0215953
best warm start solution: 488.441
TSP tour:
0 64 23 69 40 66 58 32 29 22 59 27 3 54 72 24 55 67 20 2 45 48 50 10 35 73 53 46 39 36 37 16 41 52 5 18 26 47 38 44 70 33 56 11 30 61 68 15 14 71 6 8 31 7 9 62 34 28 43 1 12 65 60 42 57 4 74 25 13 49 19 51 17 63 21 
Operations:
0,64,23|64,23,69|69,40,66|66,58,32|32,29,22|22,59,27|59,27,3|3,54,72|72,24,55|55,67,20|20,2,45|45,48,50|50,10,35|35,73,53|53,46,39|39,36,37|37,16,41|41,52,5|5,18,26|26,47,44|44,70,33|33,56,11|11,30,61|61,14,71|71,6,8|8,9,62|62,34,28|28,43,1|43,1,12|12,65,60|60,42,57|57,4,74|4,74,25|25,13,49|49,19,51|51,17,63|63,21,0|
method: def_initPop
seed: 1764168
Instance: 1
best_fitness: 428.562
current_iteration: 779
last_update_iteration: 181
current_time: 15.0124s
last_update_time: 3.46281s
largest_iteration_offset: 45
stalled_iterations: 598
path_relink_time: 0s
num_path_relink_calls: 0
num_homogenities: 0
num_best_improvements: 0
num_elite_improvements: 0
num_exchanges: 0
num_shakes: 0
num_resets: 0
