Custom stopping criteria not supplied by the user. Using max. time = 15s and max. stall_offset = 0
Using 1 threads for decoding
initialization time: 0.0215854
best warm start solution: 488.441
TSP tour:
0 23 64 40 69 66 32 29 22 59 27 67 54 72 24 3 55 58 20 45 48 50 35 2 10 46 73 53 39 36 37 16 41 52 47 5 44 26 18 38 70 33 56 9 30 11 14 61 71 8 15 6 68 31 7 34 62 43 28 1 12 65 60 42 57 74 4 25 13 49 19 51 17 63 21 
Operations:
0,23,64|64,40,69|69,66,32|66,27,67|67,54,72|72,24,55|55,58,45|45,48,50|50,35,2|2,10,46|46,73,39|39,36,37|37,16,41|41,47,5|5,44,26|26,18,70|70,33,56|56,9,30|30,11,14|14,61,71|71,15,6|6,68,7|7,34,62|62,43,28|28,1,12|12,65,60|60,42,57|57,74,25|25,13,49|49,19,51|51,17,63|63,21,0|
method: def_initPop
seed: 7515072
Instance: 1
best_fitness: 429.881
current_iteration: 778
last_update_iteration: 305
current_time: 15.0178s
last_update_time: 5.85352s
largest_iteration_offset: 78
stalled_iterations: 473
path_relink_time: 0s
num_path_relink_calls: 0
num_homogenities: 0
num_best_improvements: 0
num_elite_improvements: 0
num_exchanges: 0
num_shakes: 0
num_resets: 0
