Custom stopping criteria not supplied by the user. Using max. time = 60s and max. stall_offset = 0
Using 1 threads for decoding
initialization time: 0.0435002
best warm start solution: 538.084
TSP tour:
0 37 72 67 31 4 28 74 43 33 21 14 49 6 30 7 63 44 23 70 10 27 61 26 13 35 32 54 29 59 57 24 47 38 5 65 58 34 11 25 68 51 71 73 20 19 18 17 55 40 46 48 69 66 56 1 64 53 15 60 3 45 36 62 42 9 22 8 50 39 12 41 52 2 16 
Operations:
0,72,67|67,4,28|28,74,43|43,33,21|21,14,7|7,63,44|44,70,10|10,61,26|26,32,54|54,29,59|59,24,47|47,38,65|65,34,11|11,25,68|68,51,71|71,19,18|18,17,55|55,40,69|69,56,1|1,64,53|53,15,60|60,3,45|45,-1,36|36,62,42|42,9,22|22,8,12|12,41,52|52,2,16|16,-1,0|
method: def_initPop
seed: 1764168
Instance: 1
best_fitness: 468.553
current_iteration: 3787
last_update_iteration: 248
current_time: 60.0049s
last_update_time: 3.83263s
largest_iteration_offset: 86
stalled_iterations: 3539
path_relink_time: 0s
num_path_relink_calls: 0
num_homogenities: 0
num_best_improvements: 0
num_elite_improvements: 0
num_exchanges: 0
num_shakes: 0
num_resets: 0
