Custom stopping criteria not supplied by the user. Using max. time = 120s and max. stall_offset = 0
Using 1 threads for decoding
initialization time: 0.0182641
best warm start solution: 581.663
TSP tour:
0 22 18 9 16 3 36 2 5 42 13 20 25 24 43 15 44 17 1 38 47 7 26 48 40 19 29 4 27 31 34 41 30 23 39 46 6 12 8 37 49 45 32 33 21 14 10 11 35 28 
Operations:
0,22,9|9,16,3|3,36,2|2,5,42|42,20,25|25,24,43|43,15,44|44,1,38|38,47,7|7,48,40|40,19,29|29,4,27|27,34,30|30,39,6|6,8,37|37,33,21|21,14,10|10,11,35|35,28,0|
method: def_initPop
seed: 7515072
Instance: 1
best_fitness: 484.314
current_iteration: 9040
last_update_iteration: 215
current_time: 120s
last_update_time: 2.84337s
largest_iteration_offset: 124
stalled_iterations: 8825
path_relink_time: 0s
num_path_relink_calls: 0
num_homogenities: 0
num_best_improvements: 0
num_elite_improvements: 0
num_exchanges: 0
num_shakes: 0
num_resets: 0
