Custom stopping criteria not supplied by the user. Using max. time = 120s and max. stall_offset = 0
Using 1 threads for decoding
initialization time: 0.0387726
best warm start solution: 962.76
TSP tour:
0 8 34 41 24 38 18 40 6 5 43 46 20 16 9 1 3 15 48 47 45 12 27 49 31 13 10 29 14 35 26 2 4 39 22 7 17 21 19 44 37 28 42 11 32 25 30 23 36 33 
Operations:
0,8,34|8,34,41|41,24,38|38,18,40|40,6,1|1,15,48|48,47,12|12,27,29|29,35,26|26,7,17|17,44,37|37,28,42|42,30,23|23,36,0|
method: def_initPop
seed: 8434820
Instance: 1
best_fitness: 840.804
current_iteration: 8833
last_update_iteration: 98
current_time: 120.003s
last_update_time: 1.31662s
largest_iteration_offset: 33
stalled_iterations: 8735
path_relink_time: 0s
num_path_relink_calls: 0
num_homogenities: 0
num_best_improvements: 0
num_elite_improvements: 0
num_exchanges: 0
num_shakes: 0
num_resets: 0
