Custom stopping criteria not supplied by the user. Using max. time = 15s and max. stall_offset = 0
Using 1 threads for decoding
initialization time: 0.0540483
best warm start solution: 595.031
TSP tour:
0 63 32 44 42 26 51 52 22 74 37 49 13 66 2 40 58 19 64 17 15 56 46 65 47 29 28 39 4 54 7 30 53 34 48 20 43 71 67 38 6 70 61 60 23 3 5 11 25 12 31 72 69 50 73 18 41 45 62 57 59 21 14 36 55 16 9 35 10 8 24 68 27 1 33 
Operations:
0,32,42|63,52,22|22,37,49|49,13,58|58,47,29|29,4,7|7,20,43|43,38,6|6,70,3|3,31,72|72,45,62|62,21,14|14,36,35|35,24,68|10,1,33|33,-1,0|
method: def_initPop
seed: 297720
Instance: 1
best_fitness: 595.031
current_iteration: 410
last_update_iteration: 1
current_time: 15.0319s
last_update_time: 0.0326774s
largest_iteration_offset: 1
stalled_iterations: 409
path_relink_time: 0s
num_path_relink_calls: 0
num_homogenities: 0
num_best_improvements: 0
num_elite_improvements: 0
num_exchanges: 0
num_shakes: 0
num_resets: 0
