Custom stopping criteria not supplied by the user. Using max. time = 15s and max. stall_offset = 0
Using 1 threads for decoding
initialization time: 0.0542538
best warm start solution: 595.031
TSP tour:
0 32 44 42 26 52 51 22 74 37 49 13 2 66 40 58 19 64 17 15 46 56 65 47 29 28 39 54 4 7 30 34 48 53 20 43 71 38 67 31 6 70 61 60 23 3 5 11 12 25 72 69 50 45 73 18 41 62 57 59 21 14 55 36 16 9 35 10 8 24 1 68 27 33 63 
Operations:
0,52,51|51,13,2|2,66,15|15,47,54|54,30,34|34,53,71|71,38,6|6,70,3|3,12,25|25,45,41|41,62,14|14,36,35|35,24,1|10,1,68|68,63,0|
method: def_initPop
seed: 7515072
Instance: 1
best_fitness: 588.112
current_iteration: 409
last_update_iteration: 254
current_time: 15.0115s
last_update_time: 9.22444s
largest_iteration_offset: 117
stalled_iterations: 155
path_relink_time: 0s
num_path_relink_calls: 0
num_homogenities: 0
num_best_improvements: 0
num_elite_improvements: 0
num_exchanges: 0
num_shakes: 0
num_resets: 0
