Custom stopping criteria not supplied by the user. Using max. time = 30s and max. stall_offset = 0
Using 1 threads for decoding
initialization time: 0.0716075
best warm start solution: 623.666
TSP tour:
0 61 46 25 26 22 68 67 55 59 8 17 70 41 45 39 49 73 60 65 64 47 32 1 23 15 57 36 31 20 42 71 51 6 28 3 34 24 52 30 69 74 66 72 53 13 7 11 19 58 14 56 40 37 29 9 62 63 27 43 12 4 50 33 18 16 48 10 38 2 54 21 5 35 44 
Operations:
0,61,26|26,68,59|59,17,70|70,45,60|60,47,32|32,36,31|31,42,6|6,34,52|52,69,66|30,66,72|72,53,58|58,56,29|29,50,16|9,50,48|48,54,21|21,35,0|
method: def_initPop
seed: 2700001
Instance: 1
best_fitness: 605.837
current_iteration: 808
last_update_iteration: 247
current_time: 30.0354s
last_update_time: 9.02999s
largest_iteration_offset: 94
stalled_iterations: 561
path_relink_time: 0s
num_path_relink_calls: 0
num_homogenities: 0
num_best_improvements: 0
num_elite_improvements: 0
num_exchanges: 0
num_shakes: 0
num_resets: 0
