Custom stopping criteria not supplied by the user. Using max. time = 15s and max. stall_offset = 0
Using 1 threads for decoding
initialization time: 0.0484316
best warm start solution: 461.602
TSP tour:
0 38 43 44 24 30 8 1 36 49 26 9 2 37 45 14 17 41 32 42 22 27 28 3 20 39 23 31 19 25 4 47 11 48 21 6 13 29 33 12 16 34 35 46 18 7 5 40 15 10 
Operations:
0,43,24|24,30,8|8,1,36|36,26,9|9,2,37|37,45,14|14,17,41|41,32,42|42,22,27|27,28,3|3,20,39|39,23,31|31,25,4|4,47,11|11,48,21|21,6,13|13,29,33|33,12,16|16,34,35|35,46,18|18,7,5|5,10,0|
method: def_initPop
seed: 2700001
Instance: 1
best_fitness: 385.658
current_iteration: 1285
last_update_iteration: 194
current_time: 15.0097s
last_update_time: 2.27118s
largest_iteration_offset: 34
stalled_iterations: 1091
path_relink_time: 0s
num_path_relink_calls: 0
num_homogenities: 0
num_best_improvements: 0
num_elite_improvements: 0
num_exchanges: 0
num_shakes: 0
num_resets: 0
