Custom stopping criteria not supplied by the user. Using max. time = 15s and max. stall_offset = 0
Using 1 threads for decoding
initialization time: 0.026961
best warm start solution: 461.602
TSP tour:
0 38 44 43 24 30 8 1 36 9 49 26 37 2 14 17 41 32 42 22 27 28 3 20 39 45 31 19 25 4 47 48 23 11 7 21 6 13 46 33 29 16 12 35 34 18 10 5 40 15 
Operations:
0,43,24|24,30,8|8,1,36|36,9,49|49,26,37|37,2,14|14,17,41|41,32,42|42,22,27|27,28,3|3,20,39|39,45,31|31,25,4|4,47,48|48,23,11|11,7,21|21,6,13|13,46,33|33,29,16|16,12,35|35,34,18|18,10,40|40,15,0|
method: def_initPop
seed: 8434820
Instance: 1
best_fitness: 385.106
current_iteration: 1291
last_update_iteration: 580
current_time: 15.0058s
last_update_time: 6.73676s
largest_iteration_offset: 451
stalled_iterations: 711
path_relink_time: 0s
num_path_relink_calls: 0
num_homogenities: 0
num_best_improvements: 0
num_elite_improvements: 0
num_exchanges: 0
num_shakes: 0
num_resets: 0
