Custom stopping criteria not supplied by the user. Using max. time = 60s and max. stall_offset = 0
Using 1 threads for decoding
initialization time: 0.0402984
best warm start solution: 861.575
TSP tour:
0 25 10 48 33 32 9 1 37 2 34 31 43 7 42 21 15 36 47 11 13 23 14 17 26 35 39 3 5 20 16 12 41 28 4 44 6 22 46 27 18 19 8 40 29 24 45 38 49 30 
Operations:
0,25,10|10,32,9|9,2,31|31,43,7|7,21,15|15,36,47|47,11,13|13,17,26|26,35,5|5,20,12|12,41,28|28,4,44|44,46,27|27,18,19|19,8,40|40,29,24|24,45,38|38,49,0|
method: def_initPop
seed: 2700001
Instance: 1
best_fitness: 728.778
current_iteration: 6492
last_update_iteration: 747
current_time: 60.0055s
last_update_time: 7.00845s
largest_iteration_offset: 313
stalled_iterations: 5745
path_relink_time: 0s
num_path_relink_calls: 0
num_homogenities: 0
num_best_improvements: 0
num_elite_improvements: 0
num_exchanges: 0
num_shakes: 0
num_resets: 0
