Custom stopping criteria not supplied by the user. Using max. time = 15s and max. stall_offset = 0
Using 1 threads for decoding
initialization time: 0.0132516
best warm start solution: 442.559
TSP tour:
0 16 22 35 19 28 10 47 33 32 48 42 44 29 38 9 11 4 2 49 26 34 40 31 30 20 36 17 3 27 21 46 15 39 37 7 14 1 41 5 24 8 12 18 25 45 43 23 13 6 
Operations:
0,16,22|22,35,19|19,28,10|10,47,33|47,33,32|32,48,42|42,29,38|38,9,11|11,4,26|26,40,31|31,30,20|20,17,27|27,46,15|15,39,37|37,14,41|41,5,24|24,8,12|12,18,25|25,45,43|43,23,13|13,6,0|
method: def_initPop
seed: 2700001
Instance: 1
best_fitness: 382.327
current_iteration: 1296
last_update_iteration: 132
current_time: 15.0103s
last_update_time: 1.52868s
largest_iteration_offset: 25
stalled_iterations: 1164
path_relink_time: 0s
num_path_relink_calls: 0
num_homogenities: 0
num_best_improvements: 0
num_elite_improvements: 0
num_exchanges: 0
num_shakes: 0
num_resets: 0
