Custom stopping criteria not supplied by the user. Using max. time = 120s and max. stall_offset = 0
Using 1 threads for decoding
initialization time: 0.0196018
best warm start solution: 458.41
TSP tour:
0 27 22 14 32 25 40 24 23 12 33 15 4 17 10 3 18 43 39 36 37 5 47 13 28 21 7 8 19 6 20 44 1 2 30 45 42 26 16 48 35 41 9 38 34 31 11 29 46 49 
Operations:
0,27,22|22,14,32|32,25,40|25,24,23|23,12,15|15,4,17|17,10,3|3,39,36|36,37,47|47,21,7|7,8,19|19,6,44|44,30,26|26,48,35|35,41,9|9,38,34|34,11,29|29,46,0|
method: def_initPop
seed: 1764168
Instance: 1
best_fitness: 399.621
current_iteration: 9327
last_update_iteration: 98
current_time: 120.008s
last_update_time: 1.24785s
largest_iteration_offset: 27
stalled_iterations: 9229
path_relink_time: 0s
num_path_relink_calls: 0
num_homogenities: 0
num_best_improvements: 0
num_elite_improvements: 0
num_exchanges: 0
num_shakes: 0
num_resets: 0
