Custom stopping criteria not supplied by the user. Using max. time = 240s and max. stall_offset = 0
Using 1 threads for decoding
initialization time: 0.0266929
best warm start solution: 1023.72
TSP tour:
0 10 40 42 7 38 33 19 48 29 4 3 41 47 35 13 14 8 39 34 44 37 45 23 21 15 5 25 20 16 18 31 17 12 9 30 1 22 24 26 32 27 49 11 28 2 43 6 36 46 
Operations:
0,40,41|41,34,37|37,45,20|20,16,12|12,28,36|9,22,24|24,28,0|
method: def_initPop
seed: 8434820
Instance: 1
best_fitness: 982.203
current_iteration: 11933
last_update_iteration: 83
current_time: 240.01s
last_update_time: 1.59775s
largest_iteration_offset: 52
stalled_iterations: 11850
path_relink_time: 0s
num_path_relink_calls: 0
num_homogenities: 0
num_best_improvements: 0
num_elite_improvements: 0
num_exchanges: 0
num_shakes: 0
num_resets: 0
