Custom stopping criteria not supplied by the user. Using max. time = 30s and max. stall_offset = 0
Using 1 threads for decoding
initialization time: 0.0610791
best warm start solution: 537.219
TSP tour:
0 52 63 32 44 24 42 26 51 74 22 37 49 13 2 66 40 58 19 17 64 15 56 46 65 47 29 28 54 39 4 7 30 34 48 53 43 20 71 67 38 6 70 61 60 3 5 23 11 12 25 31 69 72 50 73 18 45 41 62 57 21 59 14 55 16 9 36 35 10 8 27 68 1 33 
Operations:
0,52,44|44,24,26|26,51,74|74,22,37|37,13,2|2,66,58|58,19,17|17,64,15|15,56,46|46,47,29|29,54,39|39,4,7|7,30,34|34,53,43|43,20,67|67,38,6|6,70,61|61,60,3|3,23,11|11,12,25|25,31,69|69,72,73|73,45,41|41,62,57|57,21,59|59,14,55|55,36,35|35,8,27|27,68,1|68,1,33|33,-1,0|
method: def_initPop
seed: 2700001
Instance: 1
best_fitness: 471.653
current_iteration: 1399
last_update_iteration: 208
current_time: 30.0105s
last_update_time: 4.42449s
largest_iteration_offset: 74
stalled_iterations: 1191
path_relink_time: 0s
num_path_relink_calls: 0
num_homogenities: 0
num_best_improvements: 0
num_elite_improvements: 0
num_exchanges: 0
num_shakes: 0
num_resets: 0
