Custom stopping criteria not supplied by the user. Using max. time = 30s and max. stall_offset = 0
Using 1 threads for decoding
initialization time: 0.0940896
best warm start solution: 517.21
TSP tour:
0 1 49 61 40 45 7 38 50 53 32 8 5 9 27 15 60 42 47 55 57 35 18 31 22 48 4 37 68 72 30 44 25 39 51 17 41 65 58 70 69 64 19 20 73 56 46 29 23 26 14 3 13 11 74 59 43 24 6 66 16 33 54 52 28 67 21 2 10 63 12 71 62 36 34 
Operations:
0,1,49|49,61,40|40,45,7|7,38,50|50,53,32|32,8,5|5,9,15|15,60,47|47,35,18|18,31,22|22,48,4|4,37,68|68,72,41|41,65,58|58,70,64|64,19,20|20,73,56|56,29,23|23,26,14|14,3,11|11,74,43|43,6,33|33,54,52|52,28,67|67,21,2|2,10,63|63,71,62|62,34,0|
method: def_initPop
seed: 2700001
Instance: 1
best_fitness: 469.491
current_iteration: 1384
last_update_iteration: 236
current_time: 30.0045s
last_update_time: 5.05607s
largest_iteration_offset: 65
stalled_iterations: 1148
path_relink_time: 0s
num_path_relink_calls: 0
num_homogenities: 0
num_best_improvements: 0
num_elite_improvements: 0
num_exchanges: 0
num_shakes: 0
num_resets: 0
