Custom stopping criteria not supplied by the user. Using max. time = 240s and max. stall_offset = 0
Using 1 threads for decoding
initialization time: 0.0356485
best warm start solution: 461.602
TSP tour:
0 15 38 44 23 24 1 43 8 30 36 49 26 9 37 2 45 17 32 42 22 28 41 27 14 3 20 39 11 31 25 4 19 47 21 6 13 46 33 29 16 12 35 10 34 18 7 5 40 48 
Operations:
0,15,38|38,23,24|24,1,43|43,30,36|36,26,9|9,37,2|2,45,17|17,32,42|42,22,28|28,41,27|27,14,3|3,20,39|39,11,31|31,25,4|4,47,21|21,6,13|13,46,33|33,29,16|16,12,35|35,34,18|18,7,5|5,48,0|
method: def_initPop
seed: 1764168
Instance: 1
best_fitness: 385.502
current_iteration: 20624
last_update_iteration: 828
current_time: 240.004s
last_update_time: 9.65101s
largest_iteration_offset: 563
stalled_iterations: 19796
path_relink_time: 0s
num_path_relink_calls: 0
num_homogenities: 0
num_best_improvements: 0
num_elite_improvements: 0
num_exchanges: 0
num_shakes: 0
num_resets: 0
