Custom stopping criteria not supplied by the user. Using max. time = 30s and max. stall_offset = 0
Using 1 threads for decoding
initialization time: 0.0282532
best warm start solution: 458.41
TSP tour:
0 27 22 14 32 25 24 40 23 12 33 15 4 17 10 3 39 18 43 36 37 5 8 47 13 28 7 6 21 19 2 20 44 1 42 26 45 30 16 35 41 48 9 38 11 31 46 29 49 34 
Operations:
0,27,22|22,14,32|32,24,40|25,24,23|23,12,15|15,4,17|17,10,3|3,39,36|36,37,5|5,8,7|7,21,19|19,2,44|44,1,42|42,30,35|35,48,9|9,38,11|11,31,29|29,34,0|
method: def_initPop
seed: 7515072
Instance: 1
best_fitness: 400.549
current_iteration: 2311
last_update_iteration: 92
current_time: 30.0034s
last_update_time: 1.18732s
largest_iteration_offset: 34
stalled_iterations: 2219
path_relink_time: 0s
num_path_relink_calls: 0
num_homogenities: 0
num_best_improvements: 0
num_elite_improvements: 0
num_exchanges: 0
num_shakes: 0
num_resets: 0
