Custom stopping criteria not supplied by the user. Using max. time = 30s and max. stall_offset = 0
Using 1 threads for decoding
initialization time: 0.0197982
best warm start solution: 458.41
TSP tour:
0 27 22 32 40 25 24 23 33 12 15 4 17 10 3 18 43 39 36 8 5 47 13 28 7 21 6 19 20 37 44 1 2 45 30 42 26 16 48 35 41 9 38 34 11 31 29 46 49 14 
Operations:
0,27,22|22,40,25|25,24,23|23,12,15|15,4,17|17,10,3|3,39,36|36,8,5|5,47,13|13,28,7|7,21,6|6,37,44|44,30,26|26,48,35|35,41,9|9,38,34|34,11,29|29,46,49|49,14,0|
method: def_initPop
seed: 8434820
Instance: 1
best_fitness: 395.222
current_iteration: 2336
last_update_iteration: 108
current_time: 30.0094s
last_update_time: 1.39529s
largest_iteration_offset: 38
stalled_iterations: 2228
path_relink_time: 0s
num_path_relink_calls: 0
num_homogenities: 0
num_best_improvements: 0
num_elite_improvements: 0
num_exchanges: 0
num_shakes: 0
num_resets: 0
