Custom stopping criteria not supplied by the user. Using max. time = 60s and max. stall_offset = 0
Using 1 threads for decoding
initialization time: 0.0575815
best warm start solution: 591.468
TSP tour:
0 37 52 12 39 50 72 67 31 28 4 74 33 43 21 49 23 14 70 61 10 27 63 44 7 6 30 3 62 9 42 22 15 60 45 36 29 59 13 26 35 54 57 32 24 38 47 5 65 58 11 34 68 25 40 19 46 18 17 55 20 48 73 71 51 64 56 53 1 66 69 8 41 2 16 
Operations:
0,37,39|39,67,31|31,28,33|33,43,14|14,27,63|63,7,30|30,3,60|60,36,29|29,59,54|54,57,47|47,34,68|5,68,25|25,46,17|17,48,64|55,48,56|56,53,41|41,16,0|
method: def_initPop
seed: 7515072
Instance: 1
best_fitness: 575.507
current_iteration: 1618
last_update_iteration: 244
current_time: 60.0348s
last_update_time: 8.84529s
largest_iteration_offset: 87
stalled_iterations: 1374
path_relink_time: 0s
num_path_relink_calls: 0
num_homogenities: 0
num_best_improvements: 0
num_elite_improvements: 0
num_exchanges: 0
num_shakes: 0
num_resets: 0
