Custom stopping criteria not supplied by the user. Using max. time = 120s and max. stall_offset = 0
Using 1 threads for decoding
initialization time: 0.0248588
best warm start solution: 787.237
TSP tour:
0 19 11 12 28 8 31 39 36 42 34 10 35 15 43 4 41 23 24 17 22 30 5 18 9 2 38 16 49 27 48 7 6 33 20 13 3 37 26 29 44 25 45 32 1 47 21 14 46 40 
Operations:
0,19,11|11,12,28|28,8,36|36,34,10|10,35,43|43,4,41|41,24,17|17,22,30|30,5,18|18,9,2|2,49,27|27,48,7|7,6,33|33,13,3|3,37,29|29,44,25|25,32,1|1,47,21|21,14,46|46,40,0|
method: def_initPop
seed: 2700001
Instance: 1
best_fitness: 620.332
current_iteration: 9598
last_update_iteration: 128
current_time: 120.012s
last_update_time: 1.58345s
largest_iteration_offset: 21
stalled_iterations: 9470
path_relink_time: 0s
num_path_relink_calls: 0
num_homogenities: 0
num_best_improvements: 0
num_elite_improvements: 0
num_exchanges: 0
num_shakes: 0
num_resets: 0
