Custom stopping criteria not supplied by the user. Using max. time = 120s and max. stall_offset = 0
Using 1 threads for decoding
initialization time: 0.0396278
best warm start solution: 1144.79
TSP tour:
0 15 40 46 25 4 65 11 47 41 54 6 8 39 63 5 51 73 23 42 3 31 26 35 52 71 74 21 53 44 36 28 13 10 29 1 20 68 17 57 60 62 12 14 55 64 58 66 9 72 19 30 61 50 48 34 56 43 16 37 49 33 59 24 70 67 32 45 27 18 2 7 69 22 38 
Operations:
0,65,11|11,47,35|35,74,36|36,10,29|29,57,12|12,64,66|66,19,37|37,49,70|70,45,7|7,38,0|
method: def_initPop
seed: 8434820
Instance: 1
best_fitness: 1092
current_iteration: 2992
last_update_iteration: 216
current_time: 120.038s
last_update_time: 8.32287s
largest_iteration_offset: 70
stalled_iterations: 2776
path_relink_time: 0s
num_path_relink_calls: 0
num_homogenities: 0
num_best_improvements: 0
num_elite_improvements: 0
num_exchanges: 0
num_shakes: 0
num_resets: 0
