Custom stopping criteria not supplied by the user. Using max. time = 15s and max. stall_offset = 0
Using 1 threads for decoding
initialization time: 0.0384322
best warm start solution: 551.835
TSP tour:
0 55 49 19 33 38 11 51 41 28 45 34 50 58 74 46 22 31 63 40 7 9 42 39 13 17 26 54 60 15 36 3 65 6 30 72 8 12 20 43 64 69 61 1 5 68 25 27 24 4 71 2 59 70 56 66 23 21 67 18 62 32 57 29 52 35 47 37 44 16 14 73 53 48 10 
Operations:
0,55,49|49,19,33|33,38,51|51,41,28|28,34,50|50,58,74|74,46,9|9,42,39|39,13,17|17,60,15|15,3,65|65,6,30|30,8,12|72,8,20|20,43,64|64,61,1|1,5,68|68,27,24|25,27,4|4,71,2|2,59,70|70,56,66|66,23,21|23,21,67|67,18,29|29,52,35|35,47,37|37,14,73|73,53,48|48,10,0|
method: def_initPop
seed: 297720
Instance: 1
best_fitness: 511.682
current_iteration: 710
last_update_iteration: 195
current_time: 15.0191s
last_update_time: 4.09523s
largest_iteration_offset: 58
stalled_iterations: 515
path_relink_time: 0s
num_path_relink_calls: 0
num_homogenities: 0
num_best_improvements: 0
num_elite_improvements: 0
num_exchanges: 0
num_shakes: 0
num_resets: 0
