Custom stopping criteria not supplied by the user. Using max. time = 120s and max. stall_offset = 0
Using 1 threads for decoding
initialization time: 0.045442
best warm start solution: 1124.69
TSP tour:
0 92 45 56 72 38 95 32 21 30 65 53 85 5 49 93 83 98 16 55 6 84 70 66 48 33 99 9 1 61 26 51 36 75 35 41 20 18 11 54 25 44 71 89 52 7 94 10 31 78 29 17 3 64 34 8 63 82 68 42 47 50 57 24 43 88 87 76 81 60 80 69 19 4 27 12 15 79 28 59 97 62 37 14 13 46 22 96 67 86 40 58 2 73 90 77 39 91 23 74 
Operations:
0,92,45|45,72,38|38,95,32|32,21,30|30,65,5|5,49,93|93,98,16|16,55,6|6,66,48|48,33,99|99,1,61|61,75,41|41,71,52|52,7,94|94,10,29|29,3,64|64,34,8|8,63,82|63,82,68|68,42,47|47,50,57|57,24,43|43,88,76|76,81,60|60,80,69|69,19,27|27,15,79|79,28,59|59,97,62|62,37,14|14,13,46|13,46,22|22,96,67|96,67,86|86,40,58|58,2,73|73,90,39|39,91,23|23,74,0|
method: def_initPop
seed: 1764168
Instance: 1
best_fitness: 1025.93
current_iteration: 3885
last_update_iteration: 305
current_time: 120.021s
last_update_time: 9.13712s
largest_iteration_offset: 81
stalled_iterations: 3580
path_relink_time: 0s
num_path_relink_calls: 0
num_homogenities: 0
num_best_improvements: 0
num_elite_improvements: 0
num_exchanges: 0
num_shakes: 0
num_resets: 0
