Custom stopping criteria not supplied by the user. Using max. time = 30s and max. stall_offset = 0
Using 1 threads for decoding
initialization time: 0.0252498
best warm start solution: 486.703
TSP tour:
0 26 21 46 25 34 3 35 1 41 37 10 11 23 20 29 19 4 49 39 44 22 31 12 8 30 32 38 27 9 13 6 40 33 43 28 47 18 15 24 36 7 48 17 14 5 42 16 2 45 
Operations:
0,25,34|34,35,23|23,19,39|39,22,12|12,30,32|32,9,13|13,33,18|18,36,14|14,5,45|45,-1,0|
method: def_initPop
seed: 8434820
Instance: 1
best_fitness: 477.376
current_iteration: 1612
last_update_iteration: 91
current_time: 30.0132s
last_update_time: 1.64202s
largest_iteration_offset: 56
stalled_iterations: 1521
path_relink_time: 0s
num_path_relink_calls: 0
num_homogenities: 0
num_best_improvements: 0
num_elite_improvements: 0
num_exchanges: 0
num_shakes: 0
num_resets: 0
