Custom stopping criteria not supplied by the user. Using max. time = 15s and max. stall_offset = 0
Using 1 threads for decoding
initialization time: 0.0418101
best warm start solution: 1251.22
TSP tour:
0 92 45 72 56 38 32 21 65 30 53 85 5 49 83 93 98 16 55 6 84 70 48 1 33 9 99 26 61 51 66 36 35 41 75 18 20 54 25 11 44 89 52 7 71 10 94 31 29 78 17 64 3 34 8 63 82 68 47 42 50 57 43 24 87 88 76 81 60 80 19 69 4 27 12 79 28 97 59 62 37 46 13 14 22 96 67 15 40 86 58 95 2 73 90 77 39 91 23 74 
Operations:
0,72,56|56,65,85|85,98,16|16,55,9|9,75,52|52,10,94|94,29,78|78,3,34|34,82,47|47,50,24|42,50,87|87,88,46|46,13,14|14,95,73|73,90,74|74,-1,0|
method: def_initPop
seed: 7515072
Instance: 1
best_fitness: 1231.47
current_iteration: 287
last_update_iteration: 189
current_time: 15.0347s
last_update_time: 9.68657s
largest_iteration_offset: 98
stalled_iterations: 98
path_relink_time: 0s
num_path_relink_calls: 0
num_homogenities: 0
num_best_improvements: 0
num_elite_improvements: 0
num_exchanges: 0
num_shakes: 0
num_resets: 0
