Custom stopping criteria not supplied by the user. Using max. time = 120s and max. stall_offset = 0
Using 1 threads for decoding
initialization time: 0.0445521
best warm start solution: 753.851
TSP tour:
0 7 19 10 27 36 9 26 49 39 37 35 32 48 38 14 18 31 43 21 17 45 44 23 4 13 46 29 42 20 8 30 5 2 22 6 33 3 16 47 1 15 11 28 25 40 34 12 24 41 
Operations:
0,26,44|44,29,42|42,16,15|15,11,40|40,24,0|
method: def_initPop
seed: 1764168
Instance: 1
best_fitness: 743.727
current_iteration: 5795
last_update_iteration: 106
current_time: 120.009s
last_update_time: 2.10284s
largest_iteration_offset: 64
stalled_iterations: 5689
path_relink_time: 0s
num_path_relink_calls: 0
num_homogenities: 0
num_best_improvements: 0
num_elite_improvements: 0
num_exchanges: 0
num_shakes: 0
num_resets: 0
