Custom stopping criteria not supplied by the user. Using max. time = 15s and max. stall_offset = 0
Using 1 threads for decoding
initialization time: 0.0253181
best warm start solution: 1077.33
TSP tour:
0 17 25 37 43 2 44 45 18 29 28 49 42 9 32 34 8 20 14 21 31 36 48 5 4 46 35 19 22 38 27 13 40 24 30 33 11 10 26 3 23 16 1 6 7 41 39 12 47 15 
Operations:
0,31,36|36,38,24|24,30,1|1,7,47|47,15,0|
method: def_initPop
seed: 297720
Instance: 1
best_fitness: 1063.8
current_iteration: 717
last_update_iteration: 149
current_time: 15.0212s
last_update_time: 2.99757s
largest_iteration_offset: 75
stalled_iterations: 568
path_relink_time: 0s
num_path_relink_calls: 0
num_homogenities: 0
num_best_improvements: 0
num_elite_improvements: 0
num_exchanges: 0
num_shakes: 0
num_resets: 0
