Custom stopping criteria not supplied by the user. Using max. time = 15s and max. stall_offset = 0
Using 1 threads for decoding
initialization time: 0.0147032
best warm start solution: 725.469
TSP tour:
0 11 31 8 24 44 20 38 32 25 34 9 4 35 26 45 39 15 3 19 29 49 41 40 12 43 18 14 48 17 22 42 1 33 36 16 5 30 47 6 2 10 23 28 46 7 13 27 21 37 
Operations:
0,11,31|31,8,38|38,25,4|4,49,41|41,12,43|40,1,33|33,16,5|5,30,21|21,37,0|
method: def_initPop
seed: 8434820
Instance: 1
best_fitness: 719.93
current_iteration: 763
last_update_iteration: 69
current_time: 15.0141s
last_update_time: 1.31183s
largest_iteration_offset: 61
stalled_iterations: 694
path_relink_time: 0s
num_path_relink_calls: 0
num_homogenities: 0
num_best_improvements: 0
num_elite_improvements: 0
num_exchanges: 0
num_shakes: 0
num_resets: 0
