Custom stopping criteria not supplied by the user. Using max. time = 15s and max. stall_offset = 0
Using 1 threads for decoding
initialization time: 0.225235
best warm start solution: 1351.81
TSP tour:
0 74 37 51 43 72 4 11 21 7 62 38 68 18 42 29 8 40 27 31 39 58 2 65 59 49 34 15 17 3 9 67 22 19 35 12 24 52 50 5 16 48 23 13 6 45 30 44 61 33 57 25 63 28 64 66 26 73 71 70 53 20 32 69 54 41 1 47 14 60 46 56 10 55 36 
Operations:
0,37,43|43,4,38|38,68,29|29,27,31|31,39,58|58,2,65|65,59,49|49,15,17|17,3,9|9,67,22|22,35,12|12,52,50|50,48,23|23,13,45|45,30,57|57,25,53|53,20,69|69,54,41|54,41,1|1,47,14|14,60,46|46,55,36|36,-1,0|
method: def_initPop
seed: 8434820
Instance: 1
best_fitness: 1168.42
current_iteration: 651
last_update_iteration: 270
current_time: 15.0083s
last_update_time: 6.13412s
largest_iteration_offset: 58
stalled_iterations: 381
path_relink_time: 0s
num_path_relink_calls: 0
num_homogenities: 0
num_best_improvements: 0
num_elite_improvements: 0
num_exchanges: 0
num_shakes: 0
num_resets: 0
