Custom stopping criteria not supplied by the user. Using max. time = 15s and max. stall_offset = 0
Using 1 threads for decoding
initialization time: 0.11388
best warm start solution: 1365.87
TSP tour:
0 48 27 74 79 70 80 39 81 59 1 30 2 56 12 55 35 23 25 29 67 32 16 18 49 46 97 63 88 93 26 87 47 14 36 42 78 53 3 91 82 86 43 90 15 68 45 11 64 4 40 95 10 17 19 38 76 44 24 33 22 41 28 69 98 52 58 96 72 7 13 34 99 9 66 83 54 92 75 89 73 21 8 77 51 20 57 50 31 62 5 71 85 94 61 84 37 6 60 65 
Operations:
0,48,79|79,70,81|81,90,45|45,98,58|58,7,75|96,7,89|89,21,57|57,62,61|61,6,0|
method: def_initPop
seed: 7515072
Instance: 1
best_fitness: 1335.74
current_iteration: 264
last_update_iteration: 126
current_time: 15.0263s
last_update_time: 6.42775s
largest_iteration_offset: 103
stalled_iterations: 138
path_relink_time: 0s
num_path_relink_calls: 0
num_homogenities: 0
num_best_improvements: 0
num_elite_improvements: 0
num_exchanges: 0
num_shakes: 0
num_resets: 0
