Custom stopping criteria not supplied by the user. Using max. time = 60s and max. stall_offset = 0
Using 1 threads for decoding
initialization time: 0.0173075
best warm start solution: 661.529
TSP tour:
0 51 70 71 7 49 1 32 67 62 54 37 74 73 5 50 57 72 31 40 29 18 68 43 27 41 24 64 45 22 34 69 44 56 10 52 47 58 4 38 46 9 36 12 28 11 14 2 61 30 23 6 48 3 17 15 42 59 21 55 33 53 35 16 60 65 66 13 19 20 25 8 26 63 39 
Operations:
0,51,70|70,71,7|7,49,1|1,32,67|67,62,37|37,74,5|5,29,68|68,43,27|27,41,24|24,45,34|34,69,44|44,56,52|52,47,58|58,4,9|9,36,12|12,28,11|11,14,2|2,61,6|6,48,17|17,15,42|42,59,21|21,55,53|53,16,60|60,65,66|66,13,19|19,20,25|25,26,63|63,39,0|
method: def_initPop
seed: 8434820
Instance: 1
best_fitness: 492.288
current_iteration: 3010
last_update_iteration: 347
current_time: 60.0195s
last_update_time: 6.85159s
largest_iteration_offset: 89
stalled_iterations: 2663
path_relink_time: 0s
num_path_relink_calls: 0
num_homogenities: 0
num_best_improvements: 0
num_elite_improvements: 0
num_exchanges: 0
num_shakes: 0
num_resets: 0
