Custom stopping criteria not supplied by the user. Using max. time = 240s and max. stall_offset = 0
Using 1 threads for decoding
initialization time: 0.0397707
best warm start solution: 918.552
TSP tour:
0 4 40 3 49 27 5 21 36 28 1 35 17 8 13 23 39 41 47 20 12 25 19 2 11 24 18 33 43 44 46 9 7 42 34 38 6 32 31 15 22 45 16 26 29 14 48 30 37 10 
Operations:
0,35,17|17,13,19|19,43,46|46,7,34|9,34,38|38,26,29|29,14,0|
method: def_initPop
seed: 2700001
Instance: 1
best_fitness: 905.911
current_iteration: 11759
last_update_iteration: 72
current_time: 240.009s
last_update_time: 1.39232s
largest_iteration_offset: 57
stalled_iterations: 11687
path_relink_time: 0s
num_path_relink_calls: 0
num_homogenities: 0
num_best_improvements: 0
num_elite_improvements: 0
num_exchanges: 0
num_shakes: 0
num_resets: 0
