Custom stopping criteria not supplied by the user. Using max. time = 15s and max. stall_offset = 0
Using 1 threads for decoding
initialization time: 0.0157469
best warm start solution: 432.682
TSP tour:
0 1 25 23 14 31 41 36 46 16 28 34 38 4 30 2 37 35 12 48 9 5 42 32 49 19 11 20 21 26 29 6 10 13 45 40 22 27 39 43 18 3 8 33 44 7 24 47 15 17 
Operations:
0,1,25|25,23,14|14,41,36|36,46,16|16,28,34|34,38,4|4,30,37|37,35,9|9,5,42|42,49,19|19,11,20|20,21,26|26,29,6|6,13,45|45,40,22|22,27,39|39,43,18|18,3,8|8,44,7|7,47,15|15,17,0|
method: def_initPop
seed: 297720
Instance: 1
best_fitness: 363.242
current_iteration: 1262
last_update_iteration: 188
current_time: 15.0062s
last_update_time: 2.22246s
largest_iteration_offset: 29
stalled_iterations: 1074
path_relink_time: 0s
num_path_relink_calls: 0
num_homogenities: 0
num_best_improvements: 0
num_elite_improvements: 0
num_exchanges: 0
num_shakes: 0
num_resets: 0
