Custom stopping criteria not supplied by the user. Using max. time = 15s and max. stall_offset = 0
Using 1 threads for decoding
initialization time: 0.038663
best warm start solution: 1111.68
TSP tour:
0 72 7 57 23 46 22 5 27 56 19 47 10 35 3 43 18 37 44 58 40 11 6 38 69 30 63 25 68 42 13 52 51 66 4 62 36 17 32 71 74 65 39 24 48 45 61 34 2 67 49 73 16 50 29 21 15 26 14 55 33 59 8 28 12 1 31 70 9 60 64 20 54 41 53 
Operations:
0,72,7|7,57,46|46,56,19|19,47,10|10,35,3|3,43,40|40,11,30|30,25,42|42,13,51|51,66,4|4,62,71|71,74,65|65,39,24|24,45,61|61,34,2|2,16,29|29,15,26|26,14,55|55,33,59|59,8,28|28,70,64|64,54,41|41,53,0|
method: def_initPop
seed: 297720
Instance: 1
best_fitness: 868.087
current_iteration: 699
last_update_iteration: 241
current_time: 15.0035s
last_update_time: 5.10713s
largest_iteration_offset: 78
stalled_iterations: 458
path_relink_time: 0s
num_path_relink_calls: 0
num_homogenities: 0
num_best_improvements: 0
num_elite_improvements: 0
num_exchanges: 0
num_shakes: 0
num_resets: 0
