Custom stopping criteria not supplied by the user. Using max. time = 15s and max. stall_offset = 0
Using 1 threads for decoding
initialization time: 0.0422375
best warm start solution: 481.958
TSP tour:
0 25 44 17 42 21 40 45 14 22 29 48 47 36 12 37 1 3 32 49 27 13 23 15 35 33 9 30 43 2 26 34 31 11 7 28 8 16 4 6 19 10 24 39 46 5 38 41 18 20 
Operations:
0,25,44|44,42,40|40,45,22|22,29,48|48,47,36|47,36,12|12,37,1|1,32,49|49,27,13|13,23,15|15,33,9|9,30,2|2,26,34|34,31,7|7,28,16|16,4,6|6,19,10|10,24,46|46,5,38|38,41,0|
method: def_initPop
seed: 1764168
Instance: 1
best_fitness: 390.124
current_iteration: 1251
last_update_iteration: 194
current_time: 15.0033s
last_update_time: 2.30136s
largest_iteration_offset: 65
stalled_iterations: 1057
path_relink_time: 0s
num_path_relink_calls: 0
num_homogenities: 0
num_best_improvements: 0
num_elite_improvements: 0
num_exchanges: 0
num_shakes: 0
num_resets: 0
