Custom stopping criteria not supplied by the user. Using max. time = 15s and max. stall_offset = 0
Using 1 threads for decoding
initialization time: 0.0340076
best warm start solution: 668.263
TSP tour:
0 12 6 45 2 17 18 69 31 16 1 58 32 42 13 68 27 25 37 60 21 44 19 49 57 15 30 28 22 43 64 24 35 73 48 39 47 71 53 5 7 8 38 34 65 36 23 63 70 14 26 61 9 29 3 46 20 50 11 59 74 33 51 66 4 52 62 40 10 55 72 41 67 54 56 
Operations:
0,12,6|6,45,2|2,17,18|18,69,31|31,1,58|58,57,22|22,43,35|35,73,48|48,39,47|47,71,5|5,7,8|8,38,34|34,65,36|36,23,63|63,70,61|61,9,46|46,20,50|50,74,33|33,52,40|40,55,72|72,41,67|67,54,0|
method: def_initPop
seed: 1764168
Instance: 1
best_fitness: 582.785
current_iteration: 640
last_update_iteration: 221
current_time: 15.009s
last_update_time: 5.10194s
largest_iteration_offset: 61
stalled_iterations: 419
path_relink_time: 0s
num_path_relink_calls: 0
num_homogenities: 0
num_best_improvements: 0
num_elite_improvements: 0
num_exchanges: 0
num_shakes: 0
num_resets: 0
