Custom stopping criteria not supplied by the user. Using max. time = 15s and max. stall_offset = 0
Using 1 threads for decoding
initialization time: 0.0207859
best warm start solution: 870.07
TSP tour:
0 25 17 37 29 43 44 45 2 49 18 42 9 32 28 34 8 20 48 14 36 5 21 4 35 46 38 19 22 27 13 40 24 11 10 33 3 26 23 30 16 1 7 6 39 41 31 47 12 15 
Operations:
0,17,37|37,29,43|43,45,2|2,49,18|18,42,9|9,28,34|34,8,20|20,48,14|14,5,21|21,4,35|35,38,40|40,24,11|11,33,3|3,26,23|23,30,1|1,7,6|6,39,41|41,31,47|47,12,0|
method: def_initPop
seed: 1764168
Instance: 1
best_fitness: 756.109
current_iteration: 1221
last_update_iteration: 233
current_time: 15.009s
last_update_time: 2.86179s
largest_iteration_offset: 118
stalled_iterations: 988
path_relink_time: 0s
num_path_relink_calls: 0
num_homogenities: 0
num_best_improvements: 0
num_elite_improvements: 0
num_exchanges: 0
num_shakes: 0
num_resets: 0
