Custom stopping criteria not supplied by the user. Using max. time = 240s and max. stall_offset = 0
Using 1 threads for decoding
initialization time: 0.0811316
best warm start solution: 623.666
TSP tour:
0 61 46 25 26 68 22 67 55 59 17 8 70 41 20 45 31 57 36 39 49 73 47 60 15 23 1 32 40 65 64 14 58 19 13 7 11 74 69 42 34 6 51 71 28 3 24 30 52 66 56 72 53 37 29 9 62 63 27 12 43 4 33 50 18 16 48 10 38 2 54 21 5 35 44 
Operations:
0,17,8|8,20,31|31,39,49|49,47,1|73,47,32|32,40,13|13,74,69|69,6,51|51,71,30|30,56,53|53,37,62|62,50,48|48,54,21|21,35,0|
method: def_initPop
seed: 1764168
Instance: 1
best_fitness: 600.331
current_iteration: 6364
last_update_iteration: 111
current_time: 240.036s
last_update_time: 3.98166s
largest_iteration_offset: 69
stalled_iterations: 6253
path_relink_time: 0s
num_path_relink_calls: 0
num_homogenities: 0
num_best_improvements: 0
num_elite_improvements: 0
num_exchanges: 0
num_shakes: 0
num_resets: 0
