Custom stopping criteria not supplied by the user. Using max. time = 120s and max. stall_offset = 0
Using 1 threads for decoding
initialization time: 0.0572209
best warm start solution: 1011.59
TSP tour:
0 17 26 40 11 31 53 35 67 28 49 25 9 39 58 32 74 34 20 27 64 60 36 45 52 24 7 29 47 73 70 43 14 2 72 41 55 4 56 54 69 8 19 6 5 1 51 61 22 21 3 57 38 65 37 63 15 62 48 30 68 44 50 23 71 18 16 46 66 42 10 12 59 33 13 
Operations:
0,26,40|40,31,67|67,28,49|49,25,9|9,58,34|34,27,64|64,36,45|45,52,7|7,29,47|47,73,70|70,43,14|14,2,72|72,41,55|55,4,56|56,54,69|54,8,19|19,51,21|21,3,57|57,38,65|65,37,63|37,63,15|15,62,48|48,30,68|68,44,50|50,23,16|16,46,66|66,42,10|10,59,33|33,13,0|
method: def_initPop
seed: 1764168
Instance: 1
best_fitness: 927.371
current_iteration: 4977
last_update_iteration: 285
current_time: 120.015s
last_update_time: 6.72024s
largest_iteration_offset: 79
stalled_iterations: 4692
path_relink_time: 0s
num_path_relink_calls: 0
num_homogenities: 0
num_best_improvements: 0
num_elite_improvements: 0
num_exchanges: 0
num_shakes: 0
num_resets: 0
