Custom stopping criteria not supplied by the user. Using max. time = 15s and max. stall_offset = 0
Using 1 threads for decoding
initialization time: 0.0568731
best warm start solution: 600.117
TSP tour:
0 49 44 2 11 40 33 24 6 19 32 28 9 12 18 25 15 17 30 31 16 14 36 46 34 48 41 37 22 23 43 26 13 42 47 39 20 7 27 38 10 29 3 5 21 35 45 8 4 1 
Operations:
0,49,40|40,6,19|33,6,32|32,9,25|28,9,15|15,17,30|30,47,39|39,10,5|5,35,4|4,1,0|1,-1,0|
method: def_initPop
seed: 7515072
Instance: 1
best_fitness: 586.865
current_iteration: 741
last_update_iteration: 93
current_time: 15.0111s
last_update_time: 1.81522s
largest_iteration_offset: 56
stalled_iterations: 648
path_relink_time: 0s
num_path_relink_calls: 0
num_homogenities: 0
num_best_improvements: 0
num_elite_improvements: 0
num_exchanges: 0
num_shakes: 0
num_resets: 0
