Custom stopping criteria not supplied by the user. Using max. time = 120s and max. stall_offset = 0
Using 1 threads for decoding
initialization time: 0.0587235
best warm start solution: 600.117
TSP tour:
0 44 40 9 33 6 24 19 32 28 12 18 25 15 17 49 30 31 16 14 36 46 47 34 48 41 37 22 23 43 26 13 42 39 20 7 27 38 10 29 3 5 21 11 2 45 8 35 4 1 
Operations:
0,9,33|33,6,32|32,18,25|25,49,31|31,47,20|20,10,21|21,35,0|
method: def_initPop
seed: 2700001
Instance: 1
best_fitness: 577.987
current_iteration: 5723
last_update_iteration: 145
current_time: 120.017s
last_update_time: 2.88819s
largest_iteration_offset: 58
stalled_iterations: 5578
path_relink_time: 0s
num_path_relink_calls: 0
num_homogenities: 0
num_best_improvements: 0
num_elite_improvements: 0
num_exchanges: 0
num_shakes: 0
num_resets: 0
