Custom stopping criteria not supplied by the user. Using max. time = 15s and max. stall_offset = 0
Using 1 threads for decoding
initialization time: 0.127029
best warm start solution: 976.58
TSP tour:
0 28 80 95 42 74 19 8 98 99 85 89 29 88 54 5 91 59 72 68 44 30 81 71 58 76 79 83 12 60 27 46 26 97 57 37 73 38 90 87 41 49 36 70 39 47 11 25 55 40 64 86 48 69 33 10 93 7 23 31 13 22 21 77 2 50 67 14 65 82 96 1 32 53 45 9 51 17 43 84 78 15 66 24 6 18 56 20 16 34 75 3 63 94 35 4 62 92 52 61 
Operations:
0,5,59|59,81,58|58,83,60|60,46,26|26,97,87|87,36,25|25,64,48|48,10,93|93,13,77|77,2,1|1,45,9|9,51,15|15,20,16|16,34,63|63,92,0|
method: def_initPop
seed: 1764168
Instance: 1
best_fitness: 965.936
current_iteration: 301
last_update_iteration: 165
current_time: 15.0259s
last_update_time: 7.88468s
largest_iteration_offset: 116
stalled_iterations: 136
path_relink_time: 0s
num_path_relink_calls: 0
num_homogenities: 0
num_best_improvements: 0
num_elite_improvements: 0
num_exchanges: 0
num_shakes: 0
num_resets: 0
