Custom stopping criteria not supplied by the user. Using max. time = 15s and max. stall_offset = 0
Using 1 threads for decoding
initialization time: 0.127258
best warm start solution: 976.58
TSP tour:
0 28 80 95 8 42 74 19 98 99 33 85 89 64 69 48 10 7 23 31 13 2 22 93 21 77 50 67 14 65 82 96 53 32 1 45 9 51 17 43 66 15 12 78 84 60 27 46 26 97 57 37 11 25 55 86 40 47 39 70 36 49 41 87 73 90 38 88 29 54 91 59 72 44 68 30 83 81 71 58 79 56 76 18 24 6 20 16 34 75 3 63 94 4 35 62 5 92 52 61 
Operations:
0,8,42|42,33,85|85,7,23|23,93,67|67,53,32|32,51,17|17,66,15|15,12,27|27,97,25|25,86,39|39,73,90|90,29,54|54,44,30|30,81,71|71,56,18|18,20,16|16,34,63|63,5,0|
method: def_initPop
seed: 2700001
Instance: 1
best_fitness: 964.061
current_iteration: 307
last_update_iteration: 179
current_time: 15.0052s
last_update_time: 8.52469s
largest_iteration_offset: 117
stalled_iterations: 128
path_relink_time: 0s
num_path_relink_calls: 0
num_homogenities: 0
num_best_improvements: 0
num_elite_improvements: 0
num_exchanges: 0
num_shakes: 0
num_resets: 0
