Custom stopping criteria not supplied by the user. Using max. time = 60s and max. stall_offset = 0
Using 1 threads for decoding
initialization time: 0.0515469
best warm start solution: 612.381
TSP tour:
0 81 59 52 86 77 10 92 95 22 46 41 47 42 17 1 88 18 58 93 74 60 75 21 29 85 96 73 50 16 66 90 63 69 80 14 65 79 30 2 45 23 32 82 24 44 36 91 54 83 33 55 13 19 62 48 34 8 56 9 70 67 64 94 51 71 99 26 28 98 40 35 12 15 84 39 72 53 57 61 20 3 49 5 25 76 31 78 89 6 7 38 37 4 27 87 11 68 97 43 
Operations:
0,81,59|59,52,86|86,77,92|92,95,22|22,46,41|41,-1,47|47,1,88|88,18,58|58,93,74|74,60,75|75,21,85|85,96,73|73,66,90|90,63,14|14,65,79|79,-1,30|30,2,45|45,23,32|32,82,24|24,36,91|91,54,83|83,33,55|55,62,48|48,8,56|56,9,70|70,67,64|64,99,26|26,28,98|98,40,15|15,84,39|39,72,53|53,61,20|20,49,5|5,31,78|78,89,6|6,7,38|38,37,4|4,27,87|87,11,97|97,43,0|
method: def_initPop
seed: 2700001
Instance: 1
best_fitness: 544.286
current_iteration: 2970
last_update_iteration: 331
current_time: 60.0023s
last_update_time: 6.60573s
largest_iteration_offset: 72
stalled_iterations: 2639
path_relink_time: 0s
num_path_relink_calls: 0
num_homogenities: 0
num_best_improvements: 0
num_elite_improvements: 0
num_exchanges: 0
num_shakes: 0
num_resets: 0
