Custom stopping criteria not supplied by the user. Using max. time = 60s and max. stall_offset = 0
Using 1 threads for decoding
initialization time: 0.0711757
best warm start solution: 550.303
TSP tour:
0 61 46 25 68 26 3 22 70 67 59 55 8 17 41 49 45 31 39 36 57 47 15 23 1 60 32 73 64 65 14 40 58 13 19 7 11 30 69 34 42 20 51 71 6 24 28 52 74 66 72 53 56 29 37 9 62 63 27 43 12 4 50 33 16 18 48 38 10 2 54 21 5 44 35 
Operations:
0,61,46|46,68,26|26,3,22|22,70,67|67,59,8|8,17,41|41,49,31|31,39,36|36,47,1|1,60,32|32,73,64|64,65,14|14,40,58|58,13,19|19,7,11|11,30,69|69,34,42|42,20,51|51,71,24|24,28,74|74,66,72|72,53,56|53,56,29|29,37,62|62,63,27|27,50,33|33,16,18|18,48,38|38,10,2|2,54,21|21,5,44|44,35,0|
method: def_initPop
seed: 7515072
Instance: 1
best_fitness: 471.105
current_iteration: 3123
last_update_iteration: 399
current_time: 60.0191s
last_update_time: 7.64802s
largest_iteration_offset: 129
stalled_iterations: 2724
path_relink_time: 0s
num_path_relink_calls: 0
num_homogenities: 0
num_best_improvements: 0
num_elite_improvements: 0
num_exchanges: 0
num_shakes: 0
num_resets: 0
