Custom stopping criteria not supplied by the user. Using max. time = 60s and max. stall_offset = 0
Using 1 threads for decoding
initialization time: 0.62324
best warm start solution: 819.508
TSP tour:
0 30 51 12 32 60 11 49 54 41 15 43 63 34 37 3 52 36 25 35 10 33 8 72 73 55 5 61 22 46 7 13 68 66 53 50 6 23 57 64 74 28 19 2 42 56 20 45 1 39 14 16 71 44 40 24 70 4 38 62 18 48 9 58 26 27 67 31 59 65 47 69 29 17 21 
Operations:
0,30,51|51,12,32|32,60,49|49,54,15|15,63,34|34,3,36|36,25,35|35,10,33|33,8,72|72,73,22|22,46,7|7,13,68|68,-1,66|66,53,50|50,6,23|23,57,28|28,19,2|2,56,20|20,-1,45|45,1,39|39,14,71|71,44,40|40,24,70|70,38,62|62,18,58|58,59,0|
method: def_initPop
seed: 297720
Instance: 1
best_fitness: 714.113
current_iteration: 3710
last_update_iteration: 238
current_time: 60.0021s
last_update_time: 3.76142s
largest_iteration_offset: 55
stalled_iterations: 3472
path_relink_time: 0s
num_path_relink_calls: 0
num_homogenities: 0
num_best_improvements: 0
num_elite_improvements: 0
num_exchanges: 0
num_shakes: 0
num_resets: 0
