Custom stopping criteria not supplied by the user. Using max. time = 60s and max. stall_offset = 0
Using 1 threads for decoding
initialization time: 0.640514
best warm start solution: 819.508
TSP tour:
0 30 47 51 12 32 11 60 49 41 54 15 63 43 34 3 25 10 36 35 8 33 73 72 59 55 5 61 22 7 46 68 66 37 53 52 50 6 23 64 74 57 28 13 2 19 56 42 20 45 1 39 14 16 65 71 31 44 40 24 70 4 62 38 58 9 48 26 18 27 67 21 69 17 29 
Operations:
0,47,32|32,60,49|49,54,15|15,63,34|34,3,25|25,10,35|35,8,33|33,73,72|72,59,68|68,37,53|53,52,50|50,6,23|23,57,28|28,13,19|19,56,20|20,14,16|16,65,71|71,44,40|40,24,70|70,4,62|62,38,9|9,18,27|27,67,21|21,69,17|17,29,0|
method: def_initPop
seed: 1764168
Instance: 1
best_fitness: 724.835
current_iteration: 3785
last_update_iteration: 580
current_time: 60.0074s
last_update_time: 9.30511s
largest_iteration_offset: 137
stalled_iterations: 3205
path_relink_time: 0s
num_path_relink_calls: 0
num_homogenities: 0
num_best_improvements: 0
num_elite_improvements: 0
num_exchanges: 0
num_shakes: 0
num_resets: 0
