Custom stopping criteria not supplied by the user. Using max. time = 60s and max. stall_offset = 0
Using 1 threads for decoding
initialization time: 0.0372326
best warm start solution: 1011.65
TSP tour:
0 55 26 52 38 56 11 59 44 64 53 74 15 19 63 12 42 67 10 61 8 31 3 14 37 39 1 49 30 66 25 16 20 36 9 27 21 29 54 7 17 41 45 40 72 65 13 68 71 34 28 24 18 6 4 33 32 5 58 69 62 51 43 73 23 48 60 2 22 50 35 70 47 46 57 
Operations:
0,52,38|38,56,11|11,59,44|44,53,74|74,15,19|19,63,42|42,67,10|10,61,8|8,31,3|3,14,37|37,39,1|1,49,30|30,66,25|25,16,20|20,36,9|9,27,21|21,29,54|54,7,17|17,41,45|45,40,72|72,65,13|13,68,28|28,24,18|18,6,4|4,33,32|32,5,58|58,62,51|51,43,73|73,23,48|48,60,2|2,22,50|50,35,70|70,47,46|46,57,0|
method: def_initPop
seed: 8434820
Instance: 1
best_fitness: 837.118
current_iteration: 2891
last_update_iteration: 462
current_time: 60.0204s
last_update_time: 9.52647s
largest_iteration_offset: 147
stalled_iterations: 2429
path_relink_time: 0s
num_path_relink_calls: 0
num_homogenities: 0
num_best_improvements: 0
num_elite_improvements: 0
num_exchanges: 0
num_shakes: 0
num_resets: 0
