Custom stopping criteria not supplied by the user. Using max. time = 240s and max. stall_offset = 0
Using 1 threads for decoding
initialization time: 0.0157442
best warm start solution: 487.782
TSP tour:
0 25 14 31 36 47 23 16 41 34 28 30 38 4 35 2 37 12 48 9 5 42 19 32 29 11 49 20 26 21 13 6 10 45 22 40 46 27 43 39 18 3 8 44 17 7 33 24 15 1 
Operations:
0,14,31|31,47,16|16,34,30|30,38,9|9,11,49|49,21,10|20,21,45|45,46,39|39,3,8|8,44,1|1,-1,0|
method: def_initPop
seed: 297720
Instance: 1
best_fitness: 480.603
current_iteration: 12739
last_update_iteration: 199
current_time: 240.003s
last_update_time: 3.72439s
largest_iteration_offset: 89
stalled_iterations: 12540
path_relink_time: 0s
num_path_relink_calls: 0
num_homogenities: 0
num_best_improvements: 0
num_elite_improvements: 0
num_exchanges: 0
num_shakes: 0
num_resets: 0
