Custom stopping criteria not supplied by the user. Using max. time = 15s and max. stall_offset = 0
Using 1 threads for decoding
initialization time: 0.0464004
best warm start solution: 750.161
TSP tour:
0 18 73 15 66 31 30 62 37 33 64 20 55 5 60 56 57 53 11 54 41 12 69 63 47 23 72 10 70 46 58 49 48 7 2 6 17 34 16 3 38 59 9 40 61 51 13 4 45 14 19 43 52 35 36 27 50 28 71 22 67 21 29 68 65 24 26 32 1 25 74 39 8 44 42 
Operations:
0,18,73|73,66,31|31,62,37|37,33,20|20,55,5|5,60,56|56,57,53|53,11,54|54,69,63|63,47,23|23,72,10|10,49,48|48,7,34|34,3,59|59,9,40|40,61,51|51,13,45|45,19,35|35,36,50|50,28,71|71,22,67|67,21,29|29,68,65|65,24,26|26,32,1|1,25,74|74,39,8|8,44,0|
method: def_initPop
seed: 2700001
Instance: 1
best_fitness: 575.224
current_iteration: 762
last_update_iteration: 347
current_time: 15.0134s
last_update_time: 6.81883s
largest_iteration_offset: 105
stalled_iterations: 415
path_relink_time: 0s
num_path_relink_calls: 0
num_homogenities: 0
num_best_improvements: 0
num_elite_improvements: 0
num_exchanges: 0
num_shakes: 0
num_resets: 0
