Custom stopping criteria not supplied by the user. Using max. time = 240s and max. stall_offset = 0
Using 1 threads for decoding
initialization time: 0.0373877
best warm start solution: 979.002
TSP tour:
0 30 25 49 9 32 10 48 33 1 37 34 43 2 31 7 42 15 21 36 47 23 13 14 26 39 11 17 35 3 5 20 41 16 12 28 4 6 46 44 22 27 18 19 40 45 8 29 24 38 
Operations:
0,49,34|34,2,21|21,23,13|13,11,3|3,20,41|41,28,4|4,46,19|19,45,0|
method: def_initPop
seed: 1764168
Instance: 1
best_fitness: 962.282
current_iteration: 11638
last_update_iteration: 123
current_time: 240.005s
last_update_time: 2.46225s
largest_iteration_offset: 69
stalled_iterations: 11515
path_relink_time: 0s
num_path_relink_calls: 0
num_homogenities: 0
num_best_improvements: 0
num_elite_improvements: 0
num_exchanges: 0
num_shakes: 0
num_resets: 0
