Custom stopping criteria not supplied by the user. Using max. time = 60s and max. stall_offset = 0
Using 1 threads for decoding
initialization time: 0.0306844
best warm start solution: 767.24
TSP tour:
0 70 51 71 30 49 7 1 32 62 67 54 74 37 73 50 5 9 12 11 2 14 4 28 36 46 58 38 57 72 31 40 18 52 10 44 43 68 45 27 24 41 22 64 34 15 69 56 47 29 61 48 17 3 6 59 23 42 21 33 53 35 60 55 65 13 66 16 19 25 20 26 63 8 39 
Operations:
0,30,62|62,74,9|9,4,58|58,45,34|34,15,48|48,59,33|33,55,65|65,16,20|20,39,0|
method: def_initPop
seed: 297720
Instance: 1
best_fitness: 758.208
current_iteration: 1518
last_update_iteration: 152
current_time: 60.0248s
last_update_time: 5.64233s
largest_iteration_offset: 102
stalled_iterations: 1366
path_relink_time: 0s
num_path_relink_calls: 0
num_homogenities: 0
num_best_improvements: 0
num_elite_improvements: 0
num_exchanges: 0
num_shakes: 0
num_resets: 0
