Custom stopping criteria not supplied by the user. Using max. time = 120s and max. stall_offset = 0
Using 1 threads for decoding
initialization time: 0.0335401
best warm start solution: 419.131
TSP tour:
0 4 19 2 42 12 35 5 3 18 14 20 7 39 43 15 31 21 25 11 47 6 16 49 29 46 28 26 1 45 48 40 38 22 9 13 10 8 24 36 41 37 30 34 32 33 17 23 27 44 
Operations:
0,4,2|2,42,12|42,35,5|5,3,14|14,20,7|7,31,21|21,11,47|47,6,16|16,49,29|29,46,28|28,26,1|1,45,40|40,38,22|38,22,9|9,13,10|10,24,36|36,41,37|37,30,32|32,33,17|17,23,27|27,44,0|
method: def_initPop
seed: 7515072
Instance: 1
best_fitness: 374.547
current_iteration: 9301
last_update_iteration: 102
current_time: 120.012s
last_update_time: 1.31229s
largest_iteration_offset: 32
stalled_iterations: 9199
path_relink_time: 0s
num_path_relink_calls: 0
num_homogenities: 0
num_best_improvements: 0
num_elite_improvements: 0
num_exchanges: 0
num_shakes: 0
num_resets: 0
