Custom stopping criteria not supplied by the user. Using max. time = 60s and max. stall_offset = 0
Using 1 threads for decoding
initialization time: 0.0186952
best warm start solution: 753.851
TSP tour:
0 7 10 27 36 9 38 37 35 32 48 14 18 31 43 21 26 17 45 44 23 4 13 29 46 42 20 8 30 5 2 22 6 33 39 3 47 16 1 15 11 49 25 40 28 34 12 24 19 41 
Operations:
0,26,44|44,29,42|42,16,15|15,11,28|28,24,0|
method: def_initPop
seed: 7515072
Instance: 1
best_fitness: 738.663
current_iteration: 4347
last_update_iteration: 270
current_time: 60.0019s
last_update_time: 3.74172s
largest_iteration_offset: 93
stalled_iterations: 4077
path_relink_time: 0s
num_path_relink_calls: 0
num_homogenities: 0
num_best_improvements: 0
num_elite_improvements: 0
num_exchanges: 0
num_shakes: 0
num_resets: 0
