Custom stopping criteria not supplied by the user. Using max. time = 15s and max. stall_offset = 0
Using 1 threads for decoding
initialization time: 0.0660866
best warm start solution: 991.29
TSP tour:
0 5 54 46 45 13 12 4 31 39 49 2 69 44 65 3 57 60 66 25 55 32 27 47 50 16 41 71 7 22 42 14 30 58 63 64 21 28 74 24 59 36 73 52 38 33 43 6 56 53 8 26 40 68 37 61 35 18 70 29 72 10 51 15 34 19 48 23 1 20 17 9 62 11 67 
Operations:
0,54,46|46,13,31|31,39,49|49,2,3|3,57,66|66,32,27|27,47,50|50,16,71|71,7,22|22,42,30|30,58,63|63,74,24|24,59,73|73,38,56|56,53,8|8,26,40|40,68,61|61,35,18|18,70,72|72,10,34|34,19,48|48,1,20|23,1,17|17,9,62|62,67,0|
method: def_initPop
seed: 7515072
Instance: 1
best_fitness: 900.27
current_iteration: 621
last_update_iteration: 159
current_time: 15.0174s
last_update_time: 3.73667s
largest_iteration_offset: 64
stalled_iterations: 462
path_relink_time: 0s
num_path_relink_calls: 0
num_homogenities: 0
num_best_improvements: 0
num_elite_improvements: 0
num_exchanges: 0
num_shakes: 0
num_resets: 0
