Custom stopping criteria not supplied by the user. Using max. time = 240s and max. stall_offset = 0
Using 1 threads for decoding
initialization time: 0.0312251
best warm start solution: 565.058
TSP tour:
0 28 26 13 7 37 31 4 24 32 25 1 46 15 18 33 45 20 48 2 42 35 3 36 16 43 41 39 22 21 9 30 34 14 49 8 23 19 5 17 47 44 27 10 40 29 11 12 38 6 
Operations:
0,26,37|28,26,31|31,24,15|15,45,48|48,2,36|36,22,9|9,34,40|40,11,0|
method: def_initPop
seed: 7515072
Instance: 1
best_fitness: 548.82
current_iteration: 12254
last_update_iteration: 130
current_time: 240.004s
last_update_time: 2.48661s
largest_iteration_offset: 58
stalled_iterations: 12124
path_relink_time: 0s
num_path_relink_calls: 0
num_homogenities: 0
num_best_improvements: 0
num_elite_improvements: 0
num_exchanges: 0
num_shakes: 0
num_resets: 0
