Custom stopping criteria not supplied by the user. Using max. time = 60s and max. stall_offset = 0
Using 1 threads for decoding
initialization time: 0.0156069
best warm start solution: 474.155
TSP tour:
0 43 4 13 45 3 31 18 16 23 39 12 48 2 19 1 46 24 36 9 10 5 6 27 11 14 17 20 40 41 25 28 44 37 42 7 26 35 47 30 34 33 8 15 49 29 21 38 32 22 
Operations:
0,43,13|13,45,3|3,31,18|18,16,23|23,39,12|12,48,2|2,19,46|46,24,9|9,10,5|5,6,27|27,11,17|17,20,40|40,25,28|28,44,37|37,42,7|7,26,35|35,47,30|30,34,8|8,15,49|49,29,21|21,38,32|32,22,0|
method: def_initPop
seed: 8434820
Instance: 1
best_fitness: 434.589
current_iteration: 4693
last_update_iteration: 216
current_time: 60.0111s
last_update_time: 2.75989s
largest_iteration_offset: 98
stalled_iterations: 4477
path_relink_time: 0s
num_path_relink_calls: 0
num_homogenities: 0
num_best_improvements: 0
num_elite_improvements: 0
num_exchanges: 0
num_shakes: 0
num_resets: 0
