Custom stopping criteria not supplied by the user. Using max. time = 60s and max. stall_offset = 0
Using 1 threads for decoding
initialization time: 0.0271649
best warm start solution: 677.329
TSP tour:
0 41 10 27 36 25 9 49 38 35 48 32 14 18 31 45 43 21 17 26 44 23 4 13 46 29 30 5 20 8 2 22 42 6 37 33 39 3 47 1 11 15 16 28 40 12 34 24 19 7 
Operations:
0,41,27|27,25,9|9,49,38|38,35,32|32,45,21|21,26,23|23,4,13|13,29,30|30,20,8|8,42,6|6,37,33|33,11,15|15,16,40|40,12,34|34,24,7|7,-1,0|
method: def_initPop
seed: 8434820
Instance: 1
best_fitness: 586.413
current_iteration: 4497
last_update_iteration: 452
current_time: 60.0021s
last_update_time: 6.04099s
largest_iteration_offset: 273
stalled_iterations: 4045
path_relink_time: 0s
num_path_relink_calls: 0
num_homogenities: 0
num_best_improvements: 0
num_elite_improvements: 0
num_exchanges: 0
num_shakes: 0
num_resets: 0
