Custom stopping criteria not supplied by the user. Using max. time = 15s and max. stall_offset = 0
Using 1 threads for decoding
initialization time: 0.0305524
best warm start solution: 896.74
TSP tour:
0 40 24 47 18 33 8 35 41 15 38 14 19 32 48 3 44 45 28 5 23 30 11 46 42 21 13 10 20 27 26 7 34 2 12 1 16 39 17 22 4 49 25 37 9 6 31 29 43 36 
Operations:
0,40,24|24,47,18|18,35,41|41,38,14|14,19,32|32,48,3|3,28,5|5,30,11|11,21,13|13,10,27|27,7,34|34,2,12|12,16,17|17,22,4|4,49,25|25,9,6|6,31,29|29,43,0|
method: def_initPop
seed: 297720
Instance: 1
best_fitness: 738.665
current_iteration: 1189
last_update_iteration: 156
current_time: 15.0055s
last_update_time: 1.99508s
largest_iteration_offset: 45
stalled_iterations: 1033
path_relink_time: 0s
num_path_relink_calls: 0
num_homogenities: 0
num_best_improvements: 0
num_elite_improvements: 0
num_exchanges: 0
num_shakes: 0
num_resets: 0
