Custom stopping criteria not supplied by the user. Using max. time = 15s and max. stall_offset = 0
Using 1 threads for decoding
initialization time: 0.0289326
best warm start solution: 843.486
TSP tour:
0 10 13 34 26 33 29 5 19 37 27 44 14 32 17 28 39 18 36 35 25 43 16 30 9 41 38 42 2 12 31 45 20 15 23 46 49 4 48 24 7 40 3 47 21 1 8 22 11 6 
Operations:
0,10,13|13,34,26|26,33,5|5,19,37|37,44,14|14,32,17|17,28,39|39,18,35|35,25,43|43,16,30|30,41,38|38,42,2|2,12,31|31,20,23|23,46,49|49,7,40|40,3,47|47,1,8|8,22,11|11,6,0|
method: def_initPop
seed: 1764168
Instance: 1
best_fitness: 739.845
current_iteration: 1207
last_update_iteration: 173
current_time: 15.012s
last_update_time: 2.13606s
largest_iteration_offset: 46
stalled_iterations: 1034
path_relink_time: 0s
num_path_relink_calls: 0
num_homogenities: 0
num_best_improvements: 0
num_elite_improvements: 0
num_exchanges: 0
num_shakes: 0
num_resets: 0
