Custom stopping criteria not supplied by the user. Using max. time = 15s and max. stall_offset = 0
Using 1 threads for decoding
initialization time: 0.027338
best warm start solution: 843.486
TSP tour:
0 10 3 40 47 21 8 11 34 22 13 26 29 14 19 33 27 44 17 32 28 18 39 36 16 35 25 43 5 30 37 9 42 38 41 2 12 45 31 23 24 49 4 20 48 46 15 1 7 6 
Operations:
0,10,40|40,34,22|22,13,26|26,29,14|29,14,19|19,33,27|27,44,17|17,32,28|28,18,36|36,16,35|35,25,43|43,5,30|30,37,9|9,42,38|38,41,2|2,12,45|45,20,46|46,15,7|7,6,0|
method: def_initPop
seed: 8434820
Instance: 1
best_fitness: 742.64
current_iteration: 1209
last_update_iteration: 539
current_time: 15.0056s
last_update_time: 6.68981s
largest_iteration_offset: 274
stalled_iterations: 670
path_relink_time: 0s
num_path_relink_calls: 0
num_homogenities: 0
num_best_improvements: 0
num_elite_improvements: 0
num_exchanges: 0
num_shakes: 0
num_resets: 0
