Custom stopping criteria not supplied by the user. Using max. time = 15s and max. stall_offset = 0
Using 1 threads for decoding
initialization time: 0.012872
best warm start solution: 495.207
TSP tour:
0 13 19 22 35 28 16 33 10 47 48 32 42 29 4 9 38 44 11 2 40 49 26 34 31 20 36 30 3 27 21 15 46 17 39 14 37 7 1 41 5 25 8 24 12 18 45 23 43 6 
Operations:
0,19,35|35,33,47|47,48,29|29,4,11|11,40,20|20,30,27|27,46,17|17,39,41|41,25,12|12,18,6|6,-1,0|
method: def_initPop
seed: 297720
Instance: 1
best_fitness: 486.625
current_iteration: 787
last_update_iteration: 100
current_time: 15.0088s
last_update_time: 1.85941s
largest_iteration_offset: 53
stalled_iterations: 687
path_relink_time: 0s
num_path_relink_calls: 0
num_homogenities: 0
num_best_improvements: 0
num_elite_improvements: 0
num_exchanges: 0
num_shakes: 0
num_resets: 0
