Custom stopping criteria not supplied by the user. Using max. time = 15s and max. stall_offset = 0
Using 1 threads for decoding
initialization time: 0.0128577
best warm start solution: 495.207
TSP tour:
0 22 19 35 28 16 10 33 47 48 32 42 44 38 29 9 4 11 2 49 40 26 34 31 30 20 36 3 39 27 21 46 17 14 15 37 7 41 1 5 8 24 12 18 25 45 23 43 6 13 
Operations:
0,19,28|28,33,48|48,32,42|42,4,11|11,39,21|2,40,20|20,39,17|17,37,7|14,37,41|41,1,24|24,18,43|43,13,0|
method: def_initPop
seed: 8434820
Instance: 1
best_fitness: 489.461
current_iteration: 787
last_update_iteration: 107
current_time: 15.0142s
last_update_time: 1.99292s
largest_iteration_offset: 59
stalled_iterations: 680
path_relink_time: 0s
num_path_relink_calls: 0
num_homogenities: 0
num_best_improvements: 0
num_elite_improvements: 0
num_exchanges: 0
num_shakes: 0
num_resets: 0
