Custom stopping criteria not supplied by the user. Using max. time = 30s and max. stall_offset = 0
Using 1 threads for decoding
initialization time: 0.0301652
best warm start solution: 485.717
TSP tour:
0 26 49 2 6 7 31 22 15 12 25 28 8 43 38 18 30 39 16 27 17 24 21 33 40 29 41 3 37 4 13 10 44 48 1 42 23 34 5 36 46 32 14 47 11 35 45 9 20 19 
Operations:
0,26,7|7,22,15|15,12,25|25,28,8|8,43,38|38,18,16|16,27,24|24,33,40|40,29,3|3,4,13|13,10,44|44,48,1|1,42,23|23,34,36|36,47,11|11,9,0|
method: def_initPop
seed: 7515072
Instance: 1
best_fitness: 367.926
current_iteration: 2410
last_update_iteration: 467
current_time: 30.0071s
last_update_time: 5.83009s
largest_iteration_offset: 210
stalled_iterations: 1943
path_relink_time: 0s
num_path_relink_calls: 0
num_homogenities: 0
num_best_improvements: 0
num_elite_improvements: 0
num_exchanges: 0
num_shakes: 0
num_resets: 0
