Custom stopping criteria not supplied by the user. Using max. time = 15s and max. stall_offset = 0
Using 1 threads for decoding
initialization time: 0.0218225
best warm start solution: 477.251
TSP tour:
0 30 19 23 35 28 22 1 9 37 5 34 25 44 48 2 42 33 40 45 26 12 32 10 27 39 3 17 47 36 38 7 20 29 8 46 15 31 13 21 6 24 11 43 16 49 41 14 4 18 
Operations:
0,30,19|19,23,35|35,28,22|22,1,9|9,37,5|5,34,25|25,44,48|48,2,42|42,33,40|40,45,26|26,32,27|27,39,3|3,17,36|36,38,20|20,29,8|8,46,31|31,13,21|21,6,24|24,11,43|43,16,49|49,41,14|14,4,18|18,-1,0|
method: def_initPop
seed: 1764168
Instance: 1
best_fitness: 381.183
current_iteration: 1274
last_update_iteration: 204
current_time: 15.0036s
last_update_time: 2.39617s
largest_iteration_offset: 70
stalled_iterations: 1070
path_relink_time: 0s
num_path_relink_calls: 0
num_homogenities: 0
num_best_improvements: 0
num_elite_improvements: 0
num_exchanges: 0
num_shakes: 0
num_resets: 0
