Custom stopping criteria not supplied by the user. Using max. time = 15s and max. stall_offset = 0
Using 1 threads for decoding
initialization time: 0.029611
best warm start solution: 477.251
TSP tour:
0 19 23 34 28 35 22 1 9 37 5 44 25 42 48 2 40 45 26 33 12 10 39 27 32 3 47 20 17 7 36 8 46 15 29 30 38 24 31 21 13 11 6 43 41 49 16 14 4 18 
Operations:
0,19,23|23,34,28|28,35,22|22,1,9|9,37,5|5,44,25|25,42,48|48,2,40|40,45,26|26,33,10|10,39,27|27,32,47|47,17,7|7,36,8|8,46,29|29,38,24|24,31,21|21,13,11|11,6,43|43,41,49|49,16,14|14,4,18|18,-1,0|
method: def_initPop
seed: 2700001
Instance: 1
best_fitness: 397.669
current_iteration: 1277
last_update_iteration: 282
current_time: 15.0101s
last_update_time: 3.32141s
largest_iteration_offset: 154
stalled_iterations: 995
path_relink_time: 0s
num_path_relink_calls: 0
num_homogenities: 0
num_best_improvements: 0
num_elite_improvements: 0
num_exchanges: 0
num_shakes: 0
num_resets: 0
