Custom stopping criteria not supplied by the user. Using max. time = 15s and max. stall_offset = 0
Using 1 threads for decoding
initialization time: 0.0219193
best warm start solution: 477.251
TSP tour:
0 35 23 34 28 44 22 1 9 37 5 48 25 2 42 45 40 33 26 10 12 27 17 39 32 3 36 7 20 47 8 29 15 30 21 24 31 46 13 6 38 11 49 43 41 16 19 14 4 18 
Operations:
0,35,23|23,34,28|28,44,22|22,1,9|9,37,5|5,48,25|25,2,42|42,45,40|40,33,26|26,10,12|12,17,39|39,32,3|3,36,7|7,47,8|8,29,15|15,30,21|21,24,31|31,46,13|13,38,11|11,49,43|43,41,16|16,19,14|14,4,18|18,-1,0|
method: def_initPop
seed: 8434820
Instance: 1
best_fitness: 402.158
current_iteration: 1297
last_update_iteration: 174
current_time: 15.0076s
last_update_time: 2.02757s
largest_iteration_offset: 29
stalled_iterations: 1123
path_relink_time: 0s
num_path_relink_calls: 0
num_homogenities: 0
num_best_improvements: 0
num_elite_improvements: 0
num_exchanges: 0
num_shakes: 0
num_resets: 0
