Custom stopping criteria not supplied by the user. Using max. time = 60s and max. stall_offset = 0
Using 1 threads for decoding
initialization time: 0.0265309
best warm start solution: 825.859
TSP tour:
0 3 69 59 65 56 68 12 4 64 39 41 40 48 15 46 5 9 74 8 19 50 61 49 2 47 26 28 7 67 23 34 18 38 36 13 43 66 72 53 33 71 24 29 57 44 42 14 60 27 11 45 21 30 55 32 62 1 22 51 73 58 52 37 20 17 35 16 6 70 63 10 54 25 31 
Operations:
0,3,69|69,59,65|65,56,68|68,4,64|64,39,40|40,48,15|15,5,9|9,74,8|8,50,61|61,2,47|47,26,28|28,7,67|67,34,18|18,38,43|43,33,24|24,29,44|44,42,14|14,60,27|27,11,45|45,21,30|30,55,32|32,62,1|1,51,73|73,52,37|37,20,17|17,35,16|16,6,70|70,63,10|10,54,25|25,31,0|
method: def_initPop
seed: 1764168
Instance: 1
best_fitness: 687.025
current_iteration: 2999
last_update_iteration: 484
current_time: 60.0102s
last_update_time: 9.56067s
largest_iteration_offset: 157
stalled_iterations: 2515
path_relink_time: 0s
num_path_relink_calls: 0
num_homogenities: 0
num_best_improvements: 0
num_elite_improvements: 0
num_exchanges: 0
num_shakes: 0
num_resets: 0
