Custom stopping criteria not supplied by the user. Using max. time = 30s and max. stall_offset = 0
Using 1 threads for decoding
initialization time: 0.0233467
best warm start solution: 967.318
TSP tour:
0 50 69 3 59 65 68 12 56 64 41 48 40 39 5 15 46 9 74 8 19 61 38 49 47 2 26 7 23 67 42 36 18 34 33 13 43 4 66 72 53 71 29 21 24 57 44 60 14 27 28 11 45 55 30 62 32 1 22 37 58 54 73 52 51 20 17 16 35 6 70 10 63 25 31 
Operations:
0,48,40|50,48,39|39,38,47|47,2,34|34,33,71|71,21,44|44,28,55|55,30,1|1,54,20|22,54,17|17,31,0|
method: def_initPop
seed: 7515072
Instance: 1
best_fitness: 934.392
current_iteration: 749
last_update_iteration: 131
current_time: 30.0285s
last_update_time: 5.00785s
largest_iteration_offset: 73
stalled_iterations: 618
path_relink_time: 0s
num_path_relink_calls: 0
num_homogenities: 0
num_best_improvements: 0
num_elite_improvements: 0
num_exchanges: 0
num_shakes: 0
num_resets: 0
