Custom stopping criteria not supplied by the user. Using max. time = 120s and max. stall_offset = 0
Using 1 threads for decoding
initialization time: 0.051446
best warm start solution: 527.392
TSP tour:
0 25 44 17 21 40 14 36 22 48 47 12 32 29 37 1 3 49 13 23 26 33 31 11 2 43 30 9 35 15 27 41 34 45 42 24 6 7 16 8 28 4 19 10 39 46 38 5 18 20 
Operations:
0,25,14|14,36,12|12,29,49|49,11,2|2,34,45|43,30,15|15,34,6|6,7,4|4,19,38|38,5,0|
method: def_initPop
seed: 8434820
Instance: 1
best_fitness: 523.583
current_iteration: 6386
last_update_iteration: 146
current_time: 120.006s
last_update_time: 2.68352s
largest_iteration_offset: 95
stalled_iterations: 6240
path_relink_time: 0s
num_path_relink_calls: 0
num_homogenities: 0
num_best_improvements: 0
num_elite_improvements: 0
num_exchanges: 0
num_shakes: 0
num_resets: 0
