Custom stopping criteria not supplied by the user. Using max. time = 60s and max. stall_offset = 0
Using 1 threads for decoding
initialization time: 0.0297002
best warm start solution: 967.318
TSP tour:
0 50 69 3 59 65 68 12 56 4 64 41 40 39 48 5 15 46 9 74 8 38 19 61 49 47 2 26 7 23 67 36 18 34 43 13 66 72 53 52 51 20 35 33 6 16 17 37 58 73 22 1 32 62 30 55 21 57 44 24 71 29 42 28 45 60 14 27 11 54 70 10 63 25 31 
Operations:
0,4,64|64,38,19|19,2,36|36,43,13|13,33,42|42,45,27|27,11,54|54,31,0|
method: def_initPop
seed: 297720
Instance: 1
best_fitness: 938.138
current_iteration: 1427
last_update_iteration: 169
current_time: 60.0388s
last_update_time: 6.73561s
largest_iteration_offset: 85
stalled_iterations: 1258
path_relink_time: 0s
num_path_relink_calls: 0
num_homogenities: 0
num_best_improvements: 0
num_elite_improvements: 0
num_exchanges: 0
num_shakes: 0
num_resets: 0
