Custom stopping criteria not supplied by the user. Using max. time = 60s and max. stall_offset = 0
Using 1 threads for decoding
initialization time: 0.0151187
best warm start solution: 1077.33
TSP tour:
0 17 25 37 31 43 44 2 45 18 29 28 47 12 49 42 9 32 34 8 20 14 38 36 48 5 4 46 35 19 22 27 21 13 40 24 33 30 11 10 26 3 23 16 1 7 6 41 39 15 
Operations:
0,31,9|9,8,14|14,38,24|24,-1,33|33,30,1|1,7,15|15,-1,0|
method: def_initPop
seed: 2700001
Instance: 1
best_fitness: 1052.86
current_iteration: 4206
last_update_iteration: 529
current_time: 60.0146s
last_update_time: 7.62885s
largest_iteration_offset: 343
stalled_iterations: 3677
path_relink_time: 0s
num_path_relink_calls: 0
num_homogenities: 0
num_best_improvements: 0
num_elite_improvements: 0
num_exchanges: 0
num_shakes: 0
num_resets: 0
