Custom stopping criteria not supplied by the user. Using max. time = 120s and max. stall_offset = 0
Using 1 threads for decoding
initialization time: 0.103498
best warm start solution: 625.859
TSP tour:
0 11 72 94 15 51 80 2 7 93 69 16 31 32 37 77 71 81 96 88 40 57 23 47 14 78 49 64 70 75 42 1 67 36 98 66 13 68 85 8 62 89 35 84 99 44 55 25 6 91 27 29 95 56 73 10 17 61 20 39 3 9 74 54 45 76 58 21 28 41 83 59 86 33 43 79 90 22 92 50 34 53 63 46 18 97 12 30 24 65 82 5 38 48 4 19 60 52 87 26 
Operations:
0,11,72|72,94,15|94,15,51|51,80,2|2,7,93|93,69,16|16,31,32|32,37,77|77,71,96|96,88,40|40,57,23|23,47,14|14,78,64|64,70,75|75,42,67|67,36,98|36,98,66|66,13,68|68,85,8|8,62,35|35,84,99|99,44,25|25,6,27|27,29,95|95,56,73|73,10,17|17,61,20|20,39,3|3,9,74|74,54,45|54,45,76|76,58,21|21,28,41|41,83,59|59,86,43|43,79,90|90,22,92|92,50,34|34,53,63|63,46,18|18,97,12|12,24,65|65,5,38|38,48,4|4,19,60|60,52,87|87,26,0|
method: def_initPop
seed: 7515072
Instance: 1
best_fitness: 505.227
current_iteration: 5012
last_update_iteration: 364
current_time: 120.011s
last_update_time: 8.65544s
largest_iteration_offset: 44
stalled_iterations: 4648
path_relink_time: 0s
num_path_relink_calls: 0
num_homogenities: 0
num_best_improvements: 0
num_elite_improvements: 0
num_exchanges: 0
num_shakes: 0
num_resets: 0
