Custom stopping criteria not supplied by the user. Using max. time = 120s and max. stall_offset = 0
Using 1 threads for decoding
initialization time: 0.0305454
best warm start solution: 935.8
TSP tour:
0 29 36 31 43 35 8 41 38 15 49 14 19 32 48 3 44 45 28 5 30 21 23 42 11 46 10 13 20 27 26 7 34 12 1 2 39 16 17 22 4 25 6 37 9 40 18 47 24 33 
Operations:
0,31,43|43,35,41|41,38,14|14,19,32|32,48,3|3,28,30|30,21,23|23,42,46|46,10,20|20,27,26|26,7,12|12,16,17|17,22,25|25,6,37|37,9,0|
method: def_initPop
seed: 2700001
Instance: 1
best_fitness: 811.592
current_iteration: 8842
last_update_iteration: 455
current_time: 120.006s
last_update_time: 6.14064s
largest_iteration_offset: 111
stalled_iterations: 8387
path_relink_time: 0s
num_path_relink_calls: 0
num_homogenities: 0
num_best_improvements: 0
num_elite_improvements: 0
num_exchanges: 0
num_shakes: 0
num_resets: 0
