Custom stopping criteria not supplied by the user. Using max. time = 30s and max. stall_offset = 0
Using 1 threads for decoding
initialization time: 0.0194488
best warm start solution: 621.48
TSP tour:
0 6 2 12 29 20 42 46 31 28 36 23 25 41 38 5 40 39 33 32 26 49 7 14 47 21 15 43 19 11 4 34 45 35 8 24 3 10 44 22 48 17 16 18 13 9 1 30 27 37 
Operations:
0,12,29|29,20,42|42,46,31|31,41,38|38,5,40|40,26,15|15,11,35|35,8,24|24,44,48|48,17,16|16,13,9|18,13,1|1,30,27|27,37,0|
method: def_initPop
seed: 2700001
Instance: 1
best_fitness: 562.231
current_iteration: 2225
last_update_iteration: 92
current_time: 30.0101s
last_update_time: 1.22455s
largest_iteration_offset: 39
stalled_iterations: 2133
path_relink_time: 0s
num_path_relink_calls: 0
num_homogenities: 0
num_best_improvements: 0
num_elite_improvements: 0
num_exchanges: 0
num_shakes: 0
num_resets: 0
