Custom stopping criteria not supplied by the user. Using max. time = 60s and max. stall_offset = 0
Using 1 threads for decoding
initialization time: 0.0431333
best warm start solution: 516.775
TSP tour:
0 40 44 33 9 24 32 19 28 12 18 6 25 15 30 17 31 16 49 14 46 34 37 48 41 23 22 43 26 13 42 7 39 20 27 47 38 29 10 3 5 21 11 2 35 45 8 4 36 1 
Operations:
0,40,44|44,33,9|9,24,32|32,19,28|28,6,15|15,30,17|17,31,16|16,49,14|14,37,48|48,41,23|23,22,43|43,26,13|13,42,7|42,7,39|39,47,29|29,10,5|5,21,11|11,35,8|2,35,4|4,36,0|
method: def_initPop
seed: 297720
Instance: 1
best_fitness: 464.233
current_iteration: 4539
last_update_iteration: 124
current_time: 60.012s
last_update_time: 1.63752s
largest_iteration_offset: 42
stalled_iterations: 4415
path_relink_time: 0s
num_path_relink_calls: 0
num_homogenities: 0
num_best_improvements: 0
num_elite_improvements: 0
num_exchanges: 0
num_shakes: 0
num_resets: 0
