Custom stopping criteria not supplied by the user. Using max. time = 30s and max. stall_offset = 0
Using 1 threads for decoding
initialization time: 0.042424
best warm start solution: 527.392
TSP tour:
0 44 25 17 21 40 14 22 48 36 47 12 37 32 1 3 49 13 23 26 33 31 34 11 2 43 30 9 35 15 27 41 29 45 42 24 10 6 7 16 8 28 4 19 39 46 38 5 18 20 
Operations:
0,25,14|14,36,47|22,36,12|12,32,31|31,11,30|34,11,9|9,29,45|45,24,6|6,7,28|28,19,38|38,5,0|
method: def_initPop
seed: 2700001
Instance: 1
best_fitness: 523.264
current_iteration: 1602
last_update_iteration: 116
current_time: 30.018s
last_update_time: 2.11963s
largest_iteration_offset: 100
stalled_iterations: 1486
path_relink_time: 0s
num_path_relink_calls: 0
num_homogenities: 0
num_best_improvements: 0
num_elite_improvements: 0
num_exchanges: 0
num_shakes: 0
num_resets: 0
