Custom stopping criteria not supplied by the user. Using max. time = 15s and max. stall_offset = 0
Using 1 threads for decoding
initialization time: 0.0423008
best warm start solution: 527.392
TSP tour:
0 25 44 17 21 40 14 36 22 48 47 12 32 37 1 3 49 13 23 26 33 31 11 34 2 43 30 9 35 15 27 41 29 45 42 24 10 6 7 16 8 28 4 19 39 46 38 5 18 20 
Operations:
0,25,14|14,36,12|12,32,31|31,11,9|9,29,45|45,24,6|6,7,28|28,19,38|38,5,0|
method: def_initPop
seed: 1764168
Instance: 1
best_fitness: 523.264
current_iteration: 798
last_update_iteration: 112
current_time: 15.0062s
last_update_time: 2.04517s
largest_iteration_offset: 90
stalled_iterations: 686
path_relink_time: 0s
num_path_relink_calls: 0
num_homogenities: 0
num_best_improvements: 0
num_elite_improvements: 0
num_exchanges: 0
num_shakes: 0
num_resets: 0
