Custom stopping criteria not supplied by the user. Using max. time = 30s and max. stall_offset = 0
Using 1 threads for decoding
initialization time: 0.0176214
best warm start solution: 717.92
TSP tour:
0 21 19 5 42 20 31 37 23 11 15 33 32 35 6 24 22 46 49 4 44 38 39 16 45 9 25 43 18 30 1 7 26 3 29 14 10 48 13 12 2 17 36 40 28 47 8 41 34 27 
Operations:
0,5,11|11,15,35|35,22,46|46,44,39|39,16,7|7,12,36|36,41,0|
method: def_initPop
seed: 1764168
Instance: 1
best_fitness: 697.993
current_iteration: 1540
last_update_iteration: 121
current_time: 30.017s
last_update_time: 2.30069s
largest_iteration_offset: 54
stalled_iterations: 1419
path_relink_time: 0s
num_path_relink_calls: 0
num_homogenities: 0
num_best_improvements: 0
num_elite_improvements: 0
num_exchanges: 0
num_shakes: 0
num_resets: 0
