Custom stopping criteria not supplied by the user. Using max. time = 15s and max. stall_offset = 0
Using 1 threads for decoding
initialization time: 0.0216749
best warm start solution: 651.006
TSP tour:
0 29 12 21 27 16 17 34 37 33 45 22 47 49 6 1 9 43 25 13 2 38 5 20 32 35 19 28 24 3 42 23 36 30 14 8 18 44 26 31 15 11 39 40 41 4 10 48 7 46 
Operations:
0,29,12|12,21,27|27,16,17|17,34,37|37,33,45|45,22,47|47,6,25|25,13,38|38,5,32|32,35,19|19,28,24|24,23,14|14,18,26|26,15,11|11,39,4|4,7,0|
method: def_initPop
seed: 2700001
Instance: 1
best_fitness: 564.055
current_iteration: 1122
last_update_iteration: 309
current_time: 15.0037s
last_update_time: 4.10216s
largest_iteration_offset: 107
stalled_iterations: 813
path_relink_time: 0s
num_path_relink_calls: 0
num_homogenities: 0
num_best_improvements: 0
num_elite_improvements: 0
num_exchanges: 0
num_shakes: 0
num_resets: 0
