Custom stopping criteria not supplied by the user. Using max. time = 60s and max. stall_offset = 0
Using 1 threads for decoding
initialization time: 0.027382
best warm start solution: 658.297
TSP tour:
0 24 21 17 6 45 22 2 30 46 5 44 26 23 4 13 29 8 20 16 42 1 15 47 3 33 39 11 37 35 32 48 14 43 18 31 38 10 27 49 36 28 40 34 25 9 12 19 7 41 
Operations:
0,24,17|17,6,45|45,22,2|2,46,5|5,26,23|23,4,13|13,29,8|8,16,1|1,15,47|47,11,14|14,43,31|31,38,10|10,49,36|36,28,40|40,34,9|9,12,19|19,41,0|
method: def_initPop
seed: 2700001
Instance: 1
best_fitness: 501.604
current_iteration: 4847
last_update_iteration: 165
current_time: 60.0111s
last_update_time: 2.02758s
largest_iteration_offset: 38
stalled_iterations: 4682
path_relink_time: 0s
num_path_relink_calls: 0
num_homogenities: 0
num_best_improvements: 0
num_elite_improvements: 0
num_exchanges: 0
num_shakes: 0
num_resets: 0
