Custom stopping criteria not supplied by the user. Using max. time = 240s and max. stall_offset = 0
Using 1 threads for decoding
initialization time: 0.0426339
best warm start solution: 677.329
TSP tour:
0 41 10 27 36 25 9 49 38 48 39 32 35 37 14 18 31 45 43 21 17 44 26 23 4 13 46 5 29 30 8 42 20 2 16 22 6 33 3 47 1 15 11 40 28 34 24 12 19 7 
Operations:
0,41,27|27,25,9|9,49,38|38,39,35|35,37,14|14,45,21|21,26,23|23,4,13|13,46,5|5,29,20|20,16,1|1,11,40|40,28,34|34,24,19|19,7,0|
method: def_initPop
seed: 2700001
Instance: 1
best_fitness: 575.587
current_iteration: 17764
last_update_iteration: 124
current_time: 240.01s
last_update_time: 1.66066s
largest_iteration_offset: 39
stalled_iterations: 17640
path_relink_time: 0s
num_path_relink_calls: 0
num_homogenities: 0
num_best_improvements: 0
num_elite_improvements: 0
num_exchanges: 0
num_shakes: 0
num_resets: 0
