Custom stopping criteria not supplied by the user. Using max. time = 240s and max. stall_offset = 0
Using 1 threads for decoding
initialization time: 0.0359111
best warm start solution: 677.329
TSP tour:
0 41 10 27 36 25 9 49 38 32 48 14 35 18 31 43 37 21 17 26 44 23 4 13 29 46 20 42 8 5 30 45 2 22 16 6 33 39 3 47 1 15 11 40 28 34 12 24 19 7 
Operations:
0,41,27|27,25,9|9,49,38|38,32,48|48,35,31|31,37,21|21,26,23|23,4,13|13,29,20|20,42,8|8,5,30|30,45,2|2,16,15|15,11,40|40,28,34|34,24,19|19,7,0|
method: def_initPop
seed: 7515072
Instance: 1
best_fitness: 579.555
current_iteration: 18111
last_update_iteration: 102
current_time: 240.002s
last_update_time: 1.35169s
largest_iteration_offset: 37
stalled_iterations: 18009
path_relink_time: 0s
num_path_relink_calls: 0
num_homogenities: 0
num_best_improvements: 0
num_elite_improvements: 0
num_exchanges: 0
num_shakes: 0
num_resets: 0
