Custom stopping criteria not supplied by the user. Using max. time = 15s and max. stall_offset = 0
Using 1 threads for decoding
initialization time: 0.0201506
best warm start solution: 659.198
TSP tour:
0 18 16 22 9 36 2 5 42 20 13 24 25 43 15 1 44 17 48 38 47 7 26 40 19 29 4 34 27 31 41 30 23 46 6 12 37 8 33 49 45 39 32 21 14 10 11 35 3 28 
Operations:
0,20,13|13,1,38|38,34,41|41,30,12|12,39,21|21,3,0|
method: def_initPop
seed: 8434820
Instance: 1
best_fitness: 619.328
current_iteration: 760
last_update_iteration: 111
current_time: 15.0119s
last_update_time: 2.11627s
largest_iteration_offset: 54
stalled_iterations: 649
path_relink_time: 0s
num_path_relink_calls: 0
num_homogenities: 0
num_best_improvements: 0
num_elite_improvements: 0
num_exchanges: 0
num_shakes: 0
num_resets: 0
