Custom stopping criteria not supplied by the user. Using max. time = 15s and max. stall_offset = 0
Using 1 threads for decoding
initialization time: 0.139431
best warm start solution: 1016.91
TSP tour:
0 67 58 12 47 79 99 52 33 83 65 69 66 28 62 55 70 13 25 18 45 72 98 9 11 78 44 54 57 51 91 7 1 96 38 76 32 49 59 29 35 94 95 77 80 15 16 27 42 14 21 17 48 4 39 5 41 84 40 97 19 50 81 24 88 22 37 74 60 56 68 90 2 36 30 23 93 20 8 86 87 73 31 43 64 6 82 85 89 63 53 92 75 61 26 34 71 3 10 46 
Operations:
0,67,58|58,12,47|47,79,99|99,52,33|33,65,66|66,55,70|70,13,25|25,18,72|72,98,9|9,78,44|44,57,51|51,91,7|7,1,96|96,38,76|76,32,49|49,29,35|35,94,95|95,77,15|15,16,27|27,17,48|48,4,24|24,88,22|22,37,56|56,68,23|23,93,20|20,8,86|86,87,43|43,64,6|6,82,85|85,63,75|75,61,26|26,71,3|3,10,46|46,-1,0|
method: def_initPop
seed: 2700001
Instance: 1
best_fitness: 926.047
current_iteration: 512
last_update_iteration: 290
current_time: 15.0021s
last_update_time: 8.43883s
largest_iteration_offset: 78
stalled_iterations: 222
path_relink_time: 0s
num_path_relink_calls: 0
num_homogenities: 0
num_best_improvements: 0
num_elite_improvements: 0
num_exchanges: 0
num_shakes: 0
num_resets: 0
