Custom stopping criteria not supplied by the user. Using max. time = 120s and max. stall_offset = 0
Using 1 threads for decoding
initialization time: 0.0249093
best warm start solution: 405.552
TSP tour:
0 4 19 42 2 35 12 3 5 18 14 20 7 43 39 31 15 21 11 6 47 25 16 49 29 46 28 26 1 45 48 40 22 38 9 10 24 8 36 41 37 30 34 32 13 17 23 44 27 33 
Operations:
0,4,19|19,42,2|2,35,12|12,3,5|5,18,14|14,20,7|7,43,39|39,31,21|21,11,47|47,25,16|16,49,29|29,46,28|28,26,1|1,45,48|48,22,38|38,9,10|10,24,36|36,41,37|37,30,32|32,13,23|23,44,27|27,33,0|
method: def_initPop
seed: 1764168
Instance: 1
best_fitness: 341.279
current_iteration: 10196
last_update_iteration: 164
current_time: 120.01s
last_update_time: 1.92498s
largest_iteration_offset: 41
stalled_iterations: 10032
path_relink_time: 0s
num_path_relink_calls: 0
num_homogenities: 0
num_best_improvements: 0
num_elite_improvements: 0
num_exchanges: 0
num_shakes: 0
num_resets: 0
