Custom stopping criteria not supplied by the user. Using max. time = 120s and max. stall_offset = 0
Using 1 threads for decoding
initialization time: 0.0249401
best warm start solution: 405.552
TSP tour:
0 13 19 42 2 35 12 3 5 18 4 14 31 7 39 20 43 21 15 11 6 47 25 16 49 29 46 28 26 1 45 48 40 22 38 9 36 8 24 10 41 37 34 30 32 44 17 33 27 23 
Operations:
0,13,19|19,42,2|2,35,12|12,3,5|5,4,14|14,31,7|7,20,43|43,21,15|15,11,47|47,25,16|16,49,29|29,46,28|28,26,1|1,45,48|48,22,38|38,9,36|36,24,10|10,41,37|37,34,30|34,30,32|32,44,17|17,33,27|27,23,0|
method: def_initPop
seed: 8434820
Instance: 1
best_fitness: 339.548
current_iteration: 10141
last_update_iteration: 405
current_time: 120.006s
last_update_time: 4.80446s
largest_iteration_offset: 245
stalled_iterations: 9736
path_relink_time: 0s
num_path_relink_calls: 0
num_homogenities: 0
num_best_improvements: 0
num_elite_improvements: 0
num_exchanges: 0
num_shakes: 0
num_resets: 0
