Custom stopping criteria not supplied by the user. Using max. time = 15s and max. stall_offset = 0
Using 1 threads for decoding
initialization time: 0.0541914
best warm start solution: 465.195
TSP tour:
0 56 43 13 68 44 21 6 25 8 9 69 54 42 52 67 28 59 5 17 32 39 47 31 73 45 22 7 46 34 65 66 20 23 62 55 57 64 37 1 41 70 27 58 74 35 30 71 61 11 12 26 72 36 10 33 50 18 49 40 19 53 24 14 16 48 63 4 2 51 60 29 15 3 38 
Operations:
0,56,43|43,13,68|13,68,44|44,21,6|6,25,8|8,9,69|69,54,42|42,52,67|67,28,59|59,5,17|17,32,39|39,47,31|31,73,45|45,22,34|34,65,66|66,20,23|23,62,55|55,57,64|64,37,1|1,41,70|70,27,58|58,74,35|35,30,61|61,11,12|12,26,72|72,36,10|10,33,50|50,18,49|49,40,19|19,53,24|24,14,16|16,63,4|4,2,51|51,60,29|29,15,3|3,38,0|
method: def_initPop
seed: 2700001
Instance: 1
best_fitness: 419.157
current_iteration: 801
last_update_iteration: 272
current_time: 15.012s
last_update_time: 5.10018s
largest_iteration_offset: 81
stalled_iterations: 529
path_relink_time: 0s
num_path_relink_calls: 0
num_homogenities: 0
num_best_improvements: 0
num_elite_improvements: 0
num_exchanges: 0
num_shakes: 0
num_resets: 0
