Custom stopping criteria not supplied by the user. Using max. time = 120s and max. stall_offset = 0
Using 1 threads for decoding
initialization time: 0.0308956
best warm start solution: 959.837
TSP tour:
0 3 22 41 10 31 18 36 24 48 34 26 11 17 27 8 39 37 40 16 4 7 21 28 15 20 23 47 35 38 44 14 25 33 1 46 2 12 45 32 42 29 6 5 43 9 49 30 13 19 
Operations:
0,3,41|41,10,31|31,18,36|36,24,48|24,48,34|34,11,17|17,27,8|8,40,16|16,21,15|15,20,23|23,35,38|38,44,25|25,33,1|1,46,2|2,45,42|42,5,43|43,9,49|49,30,0|
method: def_initPop
seed: 8434820
Instance: 1
best_fitness: 884.007
current_iteration: 8966
last_update_iteration: 91
current_time: 120.006s
last_update_time: 1.20816s
largest_iteration_offset: 51
stalled_iterations: 8875
path_relink_time: 0s
num_path_relink_calls: 0
num_homogenities: 0
num_best_improvements: 0
num_elite_improvements: 0
num_exchanges: 0
num_shakes: 0
num_resets: 0
