Custom stopping criteria not supplied by the user. Using max. time = 60s and max. stall_offset = 0
Using 1 threads for decoding
initialization time: 0.00780155
best warm start solution: 628.568
TSP tour:
0 11 31 8 24 32 38 25 20 44 9 4 35 26 45 34 39 15 3 19 29 49 12 40 41 43 18 14 48 17 22 1 42 33 36 16 30 47 5 6 2 10 23 28 27 46 7 13 21 37 
Operations:
0,32,38|38,25,45|45,34,29|29,49,40|40,41,43|43,1,42|42,33,36|36,30,47|47,5,23|23,-1,28|28,27,7|7,13,0|
method: def_initPop
seed: 7515072
Instance: 1
best_fitness: 555.931
current_iteration: 6662
last_update_iteration: 143
current_time: 60.0094s
last_update_time: 1.40217s
largest_iteration_offset: 40
stalled_iterations: 6519
path_relink_time: 0s
num_path_relink_calls: 0
num_homogenities: 0
num_best_improvements: 0
num_elite_improvements: 0
num_exchanges: 0
num_shakes: 0
num_resets: 0
