Custom stopping criteria not supplied by the user. Using max. time = 15s and max. stall_offset = 0
Using 1 threads for decoding
initialization time: 0.0198502
best warm start solution: 407.002
TSP tour:
0 27 7 6 35 25 15 20 36 2 29 18 31 14 9 47 21 8 4 10 26 40 41 3 12 33 44 45 23 30 19 38 24 39 11 37 17 42 16 1 5 43 22 49 13 34 28 32 46 48 
Operations:
0,27,6|6,35,25|25,15,20|20,36,2|2,18,31|31,14,47|47,21,4|4,10,40|40,3,12|12,33,23|23,19,38|38,24,39|39,11,37|37,17,42|42,16,5|5,43,22|22,49,13|13,34,46|46,48,0|
method: def_initPop
seed: 1764168
Instance: 1
best_fitness: 383.118
current_iteration: 1152
last_update_iteration: 204
current_time: 15.0122s
last_update_time: 2.64586s
largest_iteration_offset: 63
stalled_iterations: 948
path_relink_time: 0s
num_path_relink_calls: 0
num_homogenities: 0
num_best_improvements: 0
num_elite_improvements: 0
num_exchanges: 0
num_shakes: 0
num_resets: 0
