Custom stopping criteria not supplied by the user. Using max. time = 240s and max. stall_offset = 0
Using 1 threads for decoding
initialization time: 0.0235105
best warm start solution: 678.169
TSP tour:
0 32 70 51 49 71 7 1 62 67 54 37 74 73 5 50 72 57 31 40 52 18 10 44 24 43 68 27 41 22 64 34 45 69 56 47 29 4 58 38 46 61 9 12 36 28 14 11 2 48 30 23 59 6 17 15 3 42 21 33 53 20 35 55 65 16 60 13 19 66 25 26 8 63 39 
Operations:
0,32,70|70,51,49|49,71,7|7,1,62|1,62,67|67,74,73|73,5,50|50,72,57|57,52,18|18,10,44|44,24,27|27,41,34|34,45,56|56,29,4|4,61,28|28,48,23|23,59,17|17,15,21|21,20,35|35,55,65|65,16,60|60,13,19|19,66,25|25,26,8|8,39,0|
method: def_initPop
seed: 7515072
Instance: 1
best_fitness: 599.934
current_iteration: 10707
last_update_iteration: 223
current_time: 240.017s
last_update_time: 4.92592s
largest_iteration_offset: 61
stalled_iterations: 10484
path_relink_time: 0s
num_path_relink_calls: 0
num_homogenities: 0
num_best_improvements: 0
num_elite_improvements: 0
num_exchanges: 0
num_shakes: 0
num_resets: 0
