Custom stopping criteria not supplied by the user. Using max. time = 240s and max. stall_offset = 0
Using 1 threads for decoding
initialization time: 0.0286908
best warm start solution: 843.486
TSP tour:
0 10 11 21 22 13 26 8 29 33 5 19 37 27 44 14 32 17 28 39 18 36 35 25 43 16 30 34 9 38 42 2 12 41 45 20 31 15 23 3 24 47 49 4 48 40 46 7 1 6 
Operations:
0,10,11|11,21,13|13,8,29|29,33,5|5,19,37|37,44,14|14,32,17|17,28,39|39,18,35|35,25,43|43,16,30|30,34,38|38,42,2|2,12,41|41,20,31|31,15,23|23,3,24|24,47,4|4,40,46|46,7,1|1,6,0|
method: def_initPop
seed: 7515072
Instance: 1
best_fitness: 736.752
current_iteration: 19282
last_update_iteration: 378
current_time: 240.002s
last_update_time: 4.68737s
largest_iteration_offset: 190
stalled_iterations: 18904
path_relink_time: 0s
num_path_relink_calls: 0
num_homogenities: 0
num_best_improvements: 0
num_elite_improvements: 0
num_exchanges: 0
num_shakes: 0
num_resets: 0
