Custom stopping criteria not supplied by the user. Using max. time = 120s and max. stall_offset = 0
Using 1 threads for decoding
initialization time: 0.0203689
best warm start solution: 762.539
TSP tour:
0 46 12 29 27 21 17 16 34 37 33 35 45 47 49 1 9 6 43 13 25 2 38 20 5 32 28 19 24 3 42 36 30 14 23 8 18 44 26 31 11 15 39 7 41 40 4 22 10 48 
Operations:
0,6,43|43,13,28|28,18,31|31,15,41|41,22,0|
method: def_initPop
seed: 7515072
Instance: 1
best_fitness: 694.872
current_iteration: 5918
last_update_iteration: 121
current_time: 120.002s
last_update_time: 2.38839s
largest_iteration_offset: 45
stalled_iterations: 5797
path_relink_time: 0s
num_path_relink_calls: 0
num_homogenities: 0
num_best_improvements: 0
num_elite_improvements: 0
num_exchanges: 0
num_shakes: 0
num_resets: 0
