Custom stopping criteria not supplied by the user. Using max. time = 120s and max. stall_offset = 0
Using 1 threads for decoding
initialization time: 0.0231307
best warm start solution: 762.539
TSP tour:
0 12 21 27 29 17 16 34 37 33 35 45 47 49 6 1 9 43 25 2 13 38 20 5 32 28 19 24 3 42 36 30 18 14 23 8 44 26 31 11 15 39 7 41 40 4 22 10 48 46 
Operations:
0,6,43|43,13,28|28,18,31|31,15,41|41,22,46|46,-1,0|
method: def_initPop
seed: 8434820
Instance: 1
best_fitness: 695.339
current_iteration: 5885
last_update_iteration: 115
current_time: 120.001s
last_update_time: 2.27142s
largest_iteration_offset: 44
stalled_iterations: 5770
path_relink_time: 0s
num_path_relink_calls: 0
num_homogenities: 0
num_best_improvements: 0
num_elite_improvements: 0
num_exchanges: 0
num_shakes: 0
num_resets: 0
