Custom stopping criteria not supplied by the user. Using max. time = 30s and max. stall_offset = 0
Using 1 threads for decoding
initialization time: 0.238302
best warm start solution: 1313.28
TSP tour:
0 37 74 51 43 72 11 21 68 62 1 38 18 42 29 8 7 40 27 31 39 58 17 65 2 49 59 34 4 3 15 9 35 22 67 19 48 12 52 50 24 16 5 23 13 6 30 45 44 25 61 33 57 20 63 28 64 71 66 26 73 70 53 69 32 54 41 60 47 46 14 56 55 10 36 
Operations:
0,37,51|51,43,72|72,1,8|8,7,40|40,27,39|39,17,65|65,2,49|49,59,34|34,4,3|3,15,9|9,35,22|22,67,19|19,48,12|12,52,50|50,24,16|16,5,23|23,13,6|6,30,44|44,25,33|33,20,64|64,71,73|73,69,32|32,54,41|41,47,46|46,14,56|56,55,36|36,-1,0|
method: def_initPop
seed: 2700001
Instance: 1
best_fitness: 1037.67
current_iteration: 1451
last_update_iteration: 452
current_time: 30.0126s
last_update_time: 9.26735s
largest_iteration_offset: 169
stalled_iterations: 999
path_relink_time: 0s
num_path_relink_calls: 0
num_homogenities: 0
num_best_improvements: 0
num_elite_improvements: 0
num_exchanges: 0
num_shakes: 0
num_resets: 0
