Custom stopping criteria not supplied by the user. Using max. time = 15s and max. stall_offset = 0
Using 1 threads for decoding
initialization time: 0.0352365
best warm start solution: 451.691
TSP tour:
0 26 21 41 46 34 1 3 37 11 10 20 23 29 19 4 22 49 39 30 38 32 27 8 12 13 31 44 6 9 40 43 47 28 33 35 18 48 15 24 7 17 14 36 42 16 2 5 45 25 
Operations:
0,41,46|46,1,3|3,37,11|11,10,20|20,23,29|29,19,4|4,22,49|49,39,30|30,38,32|32,27,8|8,13,44|44,9,40|40,47,28|28,33,35|35,18,48|48,15,24|24,7,17|7,17,14|14,36,42|42,16,2|2,5,45|45,25,0|
method: def_initPop
seed: 297720
Instance: 1
best_fitness: 354.086
current_iteration: 1260
last_update_iteration: 213
current_time: 15.0047s
last_update_time: 2.53456s
largest_iteration_offset: 49
stalled_iterations: 1047
path_relink_time: 0s
num_path_relink_calls: 0
num_homogenities: 0
num_best_improvements: 0
num_elite_improvements: 0
num_exchanges: 0
num_shakes: 0
num_resets: 0
