Custom stopping criteria not supplied by the user. Using max. time = 30s and max. stall_offset = 0
Using 1 threads for decoding
initialization time: 0.0323307
best warm start solution: 651.195
TSP tour:
0 45 6 17 12 18 69 2 31 16 42 58 1 13 32 68 25 27 37 21 60 19 49 44 15 30 28 43 22 57 64 24 35 73 48 47 39 53 71 5 7 8 38 34 36 65 23 63 14 70 26 61 9 29 52 46 3 33 20 50 59 11 51 74 66 62 4 10 40 41 72 55 67 56 54 
Operations:
0,45,6|6,17,12|12,18,69|69,2,31|31,42,58|58,1,13|13,32,68|68,25,27|27,37,21|21,60,19|19,44,15|15,30,28|28,43,22|22,57,47|47,39,53|53,71,5|5,7,8|8,38,34|34,36,65|65,23,14|14,70,61|61,9,29|29,52,46|46,3,33|33,20,11|11,74,66|66,62,4|4,10,40|40,41,72|72,55,56|56,54,0|
method: def_initPop
seed: 297720
Instance: 1
best_fitness: 512.605
current_iteration: 1536
last_update_iteration: 244
current_time: 30.0192s
last_update_time: 4.70569s
largest_iteration_offset: 50
stalled_iterations: 1292
path_relink_time: 0s
num_path_relink_calls: 0
num_homogenities: 0
num_best_improvements: 0
num_elite_improvements: 0
num_exchanges: 0
num_shakes: 0
num_resets: 0
