Custom stopping criteria not supplied by the user. Using max. time = 60s and max. stall_offset = 0
Using 1 threads for decoding
initialization time: 0.0312815
best warm start solution: 487.952
TSP tour:
0 49 26 31 7 15 22 12 28 25 8 43 30 38 27 39 18 16 17 4 24 21 40 33 2 6 29 10 41 13 37 48 3 44 1 42 23 5 36 46 47 9 34 11 14 35 32 20 45 19 
Operations:
0,26,22|22,28,25|25,43,38|38,18,16|16,17,4|17,4,24|24,21,40|40,33,2|2,6,10|10,41,13|13,3,44|44,42,23|23,47,9|9,34,35|35,32,20|20,45,0|
method: def_initPop
seed: 7515072
Instance: 1
best_fitness: 443.285
current_iteration: 4451
last_update_iteration: 87
current_time: 60.006s
last_update_time: 1.18211s
largest_iteration_offset: 31
stalled_iterations: 4364
path_relink_time: 0s
num_path_relink_calls: 0
num_homogenities: 0
num_best_improvements: 0
num_elite_improvements: 0
num_exchanges: 0
num_shakes: 0
num_resets: 0
