Custom stopping criteria not supplied by the user. Using max. time = 60s and max. stall_offset = 0
Using 1 threads for decoding
initialization time: 0.887103
best warm start solution: 938.87
TSP tour:
0 30 51 12 32 11 49 60 63 54 41 15 43 34 3 25 36 35 10 33 8 72 55 5 61 22 7 46 68 66 53 59 52 37 57 6 50 23 64 74 28 2 13 56 19 42 73 20 45 1 39 16 14 44 24 40 70 4 62 38 9 48 58 18 26 27 67 31 71 65 47 69 29 17 21 
Operations:
0,60,63|63,3,35|35,8,72|72,59,74|74,73,4|4,38,58|58,18,21|21,-1,0|
method: def_initPop
seed: 297720
Instance: 1
best_fitness: 908.768
current_iteration: 1411
last_update_iteration: 144
current_time: 60.0013s
last_update_time: 5.67722s
largest_iteration_offset: 63
stalled_iterations: 1267
path_relink_time: 0s
num_path_relink_calls: 0
num_homogenities: 0
num_best_improvements: 0
num_elite_improvements: 0
num_exchanges: 0
num_shakes: 0
num_resets: 0
