Custom stopping criteria not supplied by the user. Using max. time = 30s and max. stall_offset = 0
Using 1 threads for decoding
initialization time: 0.0290521
best warm start solution: 845.335
TSP tour:
0 50 6 69 59 65 68 12 56 4 64 39 41 40 3 48 15 5 46 74 9 8 61 19 49 2 47 26 28 23 42 67 36 7 18 34 33 43 13 66 38 72 53 52 51 20 35 16 17 37 58 73 22 1 32 62 30 55 71 57 29 44 24 21 60 14 27 45 11 54 70 63 10 25 31 
Operations:
0,6,69|69,59,65|65,4,64|64,39,40|40,48,15|15,5,46|46,74,8|8,61,19|19,2,47|47,26,23|23,42,67|67,7,18|18,33,43|43,13,66|66,38,71|71,29,44|44,24,21|21,60,14|14,45,11|11,70,63|63,10,25|25,31,0|
method: def_initPop
seed: 8434820
Instance: 1
best_fitness: 750.107
current_iteration: 1312
last_update_iteration: 378
current_time: 30.0205s
last_update_time: 8.55879s
largest_iteration_offset: 65
stalled_iterations: 934
path_relink_time: 0s
num_path_relink_calls: 0
num_homogenities: 0
num_best_improvements: 0
num_elite_improvements: 0
num_exchanges: 0
num_shakes: 0
num_resets: 0
