Custom stopping criteria not supplied by the user. Using max. time = 30s and max. stall_offset = 0
Using 1 threads for decoding
initialization time: 0.0609419
best warm start solution: 1007.85
TSP tour:
0 26 17 40 53 11 35 67 31 28 49 9 25 39 32 58 74 34 36 20 27 52 64 45 60 73 24 47 7 29 70 43 14 2 72 55 41 4 6 56 54 8 69 19 1 5 22 61 3 21 38 57 51 65 37 63 15 62 48 30 68 44 50 23 16 71 18 10 46 42 66 12 33 59 13 
Operations:
0,26,17|17,53,11|11,35,67|67,31,28|28,49,9|9,25,32|32,58,34|34,36,20|20,27,52|52,64,45|45,73,24|24,47,7|7,29,70|70,43,14|14,2,72|72,55,41|41,6,56|56,8,69|69,1,5|5,3,21|21,38,57|57,51,65|65,37,63|37,63,15|15,62,48|48,30,68|68,44,50|50,23,16|16,71,18|18,10,46|46,42,66|66,12,33|33,59,0|
method: def_initPop
seed: 2700001
Instance: 1
best_fitness: 869.604
current_iteration: 1431
last_update_iteration: 278
current_time: 30.0139s
last_update_time: 5.73284s
largest_iteration_offset: 74
stalled_iterations: 1153
path_relink_time: 0s
num_path_relink_calls: 0
num_homogenities: 0
num_best_improvements: 0
num_elite_improvements: 0
num_exchanges: 0
num_shakes: 0
num_resets: 0
