Custom stopping criteria not supplied by the user. Using max. time = 60s and max. stall_offset = 0
Using 1 threads for decoding
initialization time: 0.0396561
best warm start solution: 861.575
TSP tour:
0 48 10 33 32 9 1 2 37 34 31 43 7 42 21 15 36 47 11 13 23 14 17 26 35 39 3 5 20 41 16 12 46 4 6 44 28 22 18 27 19 8 40 29 24 45 38 49 25 30 
Operations:
0,48,10|10,32,9|9,2,31|31,43,7|7,21,15|15,36,47|47,11,13|13,17,26|26,35,5|5,20,41|41,46,4|4,6,44|44,28,22|22,18,27|27,8,40|40,29,24|24,45,38|38,49,0|
method: def_initPop
seed: 7515072
Instance: 1
best_fitness: 728.919
current_iteration: 4386
last_update_iteration: 414
current_time: 60.0036s
last_update_time: 5.68495s
largest_iteration_offset: 299
stalled_iterations: 3972
path_relink_time: 0s
num_path_relink_calls: 0
num_homogenities: 0
num_best_improvements: 0
num_elite_improvements: 0
num_exchanges: 0
num_shakes: 0
num_resets: 0
