Custom stopping criteria not supplied by the user. Using max. time = 30s and max. stall_offset = 0
Using 1 threads for decoding
initialization time: 0.0173878
best warm start solution: 596.02
TSP tour:
0 21 19 41 42 20 37 23 31 11 15 33 3 32 35 6 49 24 22 46 4 44 38 39 16 45 43 9 25 7 1 26 30 18 10 14 48 13 29 2 17 12 36 40 28 5 47 34 8 27 
Operations:
0,41,42|42,37,23|23,31,15|15,3,32|32,49,24|24,22,46|46,44,38|38,16,45|45,43,9|9,25,7|7,26,30|30,18,10|10,14,13|13,29,2|2,12,36|36,5,47|47,8,27|34,8,0|
method: def_initPop
seed: 7515072
Instance: 1
best_fitness: 541.086
current_iteration: 2267
last_update_iteration: 211
current_time: 30.001s
last_update_time: 2.77961s
largest_iteration_offset: 48
stalled_iterations: 2056
path_relink_time: 0s
num_path_relink_calls: 0
num_homogenities: 0
num_best_improvements: 0
num_elite_improvements: 0
num_exchanges: 0
num_shakes: 0
num_resets: 0
