Custom stopping criteria not supplied by the user. Using max. time = 30s and max. stall_offset = 0
Using 1 threads for decoding
initialization time: 0.0272528
best warm start solution: 658.297
TSP tour:
0 18 26 31 43 21 17 45 2 44 8 30 5 23 13 4 46 29 42 16 20 1 47 15 3 6 33 22 39 37 35 49 32 48 14 38 10 27 11 36 9 25 40 34 28 12 24 19 7 41 
Operations:
0,26,45|45,44,30|30,23,13|13,4,46|46,29,42|42,16,1|1,15,3|3,6,33|33,22,37|37,49,48|48,14,38|38,11,40|40,28,12|12,24,19|19,41,0|
method: def_initPop
seed: 7515072
Instance: 1
best_fitness: 496.182
current_iteration: 2387
last_update_iteration: 409
current_time: 30.0061s
last_update_time: 5.11471s
largest_iteration_offset: 66
stalled_iterations: 1978
path_relink_time: 0s
num_path_relink_calls: 0
num_homogenities: 0
num_best_improvements: 0
num_elite_improvements: 0
num_exchanges: 0
num_shakes: 0
num_resets: 0
