Custom stopping criteria not supplied by the user. Using max. time = 15s and max. stall_offset = 0
Using 1 threads for decoding
initialization time: 0.0428519
best warm start solution: 790.126
TSP tour:
0 12 6 25 69 8 39 4 36 37 31 10 44 13 2 59 41 70 63 72 46 62 1 57 65 52 22 14 73 61 24 42 71 27 9 58 51 33 3 45 47 26 66 5 34 53 67 15 64 48 60 50 35 49 38 28 20 18 74 7 30 23 29 54 19 32 40 43 68 11 55 16 21 17 56 
Operations:
0,12,6|6,25,69|69,8,39|39,4,37|37,31,10|10,2,41|41,70,63|63,72,46|46,62,1|1,57,52|52,22,14|14,61,42|42,71,27|27,9,3|3,45,47|47,26,66|66,34,53|53,67,15|15,64,48|48,60,35|35,49,20|20,18,74|74,7,30|30,23,54|54,19,32|32,40,43|43,68,11|11,55,16|16,21,0|
method: def_initPop
seed: 297720
Instance: 1
best_fitness: 613.082
current_iteration: 759
last_update_iteration: 308
current_time: 15.0007s
last_update_time: 6.04607s
largest_iteration_offset: 83
stalled_iterations: 451
path_relink_time: 0s
num_path_relink_calls: 0
num_homogenities: 0
num_best_improvements: 0
num_elite_improvements: 0
num_exchanges: 0
num_shakes: 0
num_resets: 0
