Custom stopping criteria not supplied by the user. Using max. time = 30s and max. stall_offset = 0
Using 1 threads for decoding
initialization time: 0.0270162
best warm start solution: 478.895
TSP tour:
0 38 44 24 30 43 8 1 36 49 26 9 37 2 14 17 22 42 32 28 27 41 3 39 20 45 31 19 25 4 48 47 11 7 6 21 13 29 33 46 16 12 35 34 10 18 5 40 23 15 
Operations:
0,30,43|43,1,36|36,26,9|9,37,2|2,14,17|17,22,42|42,32,27|27,41,3|3,39,20|20,45,31|31,25,4|4,47,11|11,7,6|6,21,13|13,29,33|33,46,16|16,12,35|35,34,18|18,23,0|
method: def_initPop
seed: 2700001
Instance: 1
best_fitness: 417.863
current_iteration: 2339
last_update_iteration: 117
current_time: 30.0114s
last_update_time: 1.49173s
largest_iteration_offset: 43
stalled_iterations: 2222
path_relink_time: 0s
num_path_relink_calls: 0
num_homogenities: 0
num_best_improvements: 0
num_elite_improvements: 0
num_exchanges: 0
num_shakes: 0
num_resets: 0
