Custom stopping criteria not supplied by the user. Using max. time = 30s and max. stall_offset = 0
Using 1 threads for decoding
initialization time: 0.222665
best warm start solution: 1351.81
TSP tour:
0 37 74 51 43 72 11 7 21 68 62 38 18 42 29 27 8 40 31 58 39 17 2 65 49 59 34 4 3 15 9 67 22 35 19 12 24 52 50 5 48 16 23 13 6 45 25 44 61 30 33 57 63 28 64 66 26 73 71 70 20 53 32 69 54 41 1 47 14 60 46 56 55 10 36 
Operations:
0,37,51|51,43,72|72,7,21|21,68,38|38,27,8|8,40,31|31,58,39|39,17,65|65,59,34|34,4,3|3,15,9|9,67,22|22,35,12|12,52,50|50,48,23|23,13,45|45,25,44|44,30,73|73,71,70|70,20,32|32,69,54|54,41,1|1,47,14|14,60,46|46,55,36|36,-1,0|
method: def_initPop
seed: 1764168
Instance: 1
best_fitness: 1166.02
current_iteration: 1300
last_update_iteration: 234
current_time: 30.0175s
last_update_time: 5.30758s
largest_iteration_offset: 56
stalled_iterations: 1066
path_relink_time: 0s
num_path_relink_calls: 0
num_homogenities: 0
num_best_improvements: 0
num_elite_improvements: 0
num_exchanges: 0
num_shakes: 0
num_resets: 0
