Custom stopping criteria not supplied by the user. Using max. time = 15s and max. stall_offset = 0
Using 1 threads for decoding
initialization time: 0.931248
best warm start solution: 938.87
TSP tour:
0 30 51 12 32 11 49 60 63 54 41 15 43 34 25 3 36 35 10 33 8 59 72 55 73 5 61 22 7 46 68 66 53 52 37 57 6 50 23 64 74 28 13 2 19 42 56 20 45 1 14 44 39 16 71 31 24 70 40 4 62 38 9 48 58 26 27 18 67 65 47 69 29 17 21 
Operations:
0,60,63|63,3,35|35,59,72|72,73,57|57,13,2|2,56,14|14,44,24|24,40,4|4,38,58|58,18,0|
method: def_initPop
seed: 1764168
Instance: 1
best_fitness: 913.992
current_iteration: 383
last_update_iteration: 140
current_time: 15.0125s
last_update_time: 5.34923s
largest_iteration_offset: 75
stalled_iterations: 243
path_relink_time: 0s
num_path_relink_calls: 0
num_homogenities: 0
num_best_improvements: 0
num_elite_improvements: 0
num_exchanges: 0
num_shakes: 0
num_resets: 0
