Custom stopping criteria not supplied by the user. Using max. time = 15s and max. stall_offset = 0
Using 1 threads for decoding
initialization time: 0.87025
best warm start solution: 938.87
TSP tour:
0 30 51 32 12 11 49 60 63 54 15 41 64 74 28 50 23 6 57 43 34 3 25 36 35 10 33 8 59 72 55 5 61 22 7 46 73 68 53 52 37 66 13 2 19 42 20 45 1 56 39 14 44 24 40 70 4 62 38 58 9 48 26 18 27 67 31 71 16 47 65 29 69 17 21 
Operations:
0,30,51|51,12,49|49,60,15|15,3,35|35,59,72|72,73,66|66,2,19|19,56,14|14,38,58|58,18,29|29,21,0|
method: def_initPop
seed: 7515072
Instance: 1
best_fitness: 915.507
current_iteration: 375
last_update_iteration: 188
current_time: 15.0358s
last_update_time: 7.36348s
largest_iteration_offset: 83
stalled_iterations: 187
path_relink_time: 0s
num_path_relink_calls: 0
num_homogenities: 0
num_best_improvements: 0
num_elite_improvements: 0
num_exchanges: 0
num_shakes: 0
num_resets: 0
