Custom stopping criteria not supplied by the user. Using max. time = 30s and max. stall_offset = 0
Using 1 threads for decoding
initialization time: 0.0376786
best warm start solution: 1038.53
TSP tour:
0 15 11 4 65 41 54 6 47 8 39 63 5 51 23 73 42 3 31 52 26 35 71 53 21 74 44 36 28 57 10 13 29 1 20 17 68 60 62 14 12 55 58 64 66 19 9 72 30 61 50 48 34 56 43 25 37 16 70 33 24 49 59 67 45 32 27 46 18 2 69 7 40 22 38 
Operations:
0,11,4|4,65,6|6,47,5|5,23,73|73,42,3|3,52,35|35,71,21|21,74,36|36,57,10|10,13,29|29,17,68|68,60,62|62,14,55|55,64,66|66,19,61|61,50,48|48,34,56|56,25,70|70,33,24|24,49,67|67,45,32|32,46,69|69,40,22|22,38,0|
method: def_initPop
seed: 1764168
Instance: 1
best_fitness: 884.543
current_iteration: 1270
last_update_iteration: 313
current_time: 30.0076s
last_update_time: 7.26773s
largest_iteration_offset: 128
stalled_iterations: 957
path_relink_time: 0s
num_path_relink_calls: 0
num_homogenities: 0
num_best_improvements: 0
num_elite_improvements: 0
num_exchanges: 0
num_shakes: 0
num_resets: 0
