Custom stopping criteria not supplied by the user. Using max. time = 30s and max. stall_offset = 0
Using 1 threads for decoding
initialization time: 0.0218003
best warm start solution: 488.441
TSP tour:
0 23 64 69 40 66 32 27 29 59 22 67 58 72 54 3 24 55 20 48 45 35 2 53 73 39 46 36 16 37 41 5 52 18 26 47 38 44 33 70 9 56 14 30 11 71 61 8 68 15 6 7 31 62 65 34 28 1 43 12 50 60 42 57 74 4 25 13 49 19 10 51 17 63 21 
Operations:
0,23,64|64,27,29|69,40,66|66,27,67|67,58,72|72,54,3|3,24,20|20,48,45|45,35,2|2,73,39|39,46,36|36,16,41|41,5,52|52,18,26|26,47,44|44,33,70|70,9,56|56,14,11|11,71,61|61,8,15|15,6,7|7,31,62|62,65,28|28,1,12|12,50,60|60,42,57|57,74,25|25,13,49|49,10,51|51,17,63|63,21,0|
method: def_initPop
seed: 8434820
Instance: 1
best_fitness: 427.51
current_iteration: 1527
last_update_iteration: 301
current_time: 30.0019s
last_update_time: 5.87338s
largest_iteration_offset: 74
stalled_iterations: 1226
path_relink_time: 0s
num_path_relink_calls: 0
num_homogenities: 0
num_best_improvements: 0
num_elite_improvements: 0
num_exchanges: 0
num_shakes: 0
num_resets: 0
