Custom stopping criteria not supplied by the user. Using max. time = 15s and max. stall_offset = 0
Using 1 threads for decoding
initialization time: 0.0400193
best warm start solution: 818.291
TSP tour:
0 19 12 11 28 31 8 36 39 34 42 10 35 15 43 4 23 41 17 24 30 22 18 38 2 9 16 5 27 48 7 49 6 33 20 3 26 13 44 29 37 25 45 32 1 21 47 14 46 40 
Operations:
0,19,12|12,8,36|36,34,42|42,35,15|15,4,23|23,41,17|17,24,30|30,22,18|18,38,2|2,9,16|16,5,48|48,7,49|49,6,33|33,20,26|26,13,44|44,37,25|25,32,1|1,47,46|46,40,0|
method: def_initPop
seed: 297720
Instance: 1
best_fitness: 703.022
current_iteration: 1099
last_update_iteration: 239
current_time: 15.0077s
last_update_time: 3.25019s
largest_iteration_offset: 70
stalled_iterations: 860
path_relink_time: 0s
num_path_relink_calls: 0
num_homogenities: 0
num_best_improvements: 0
num_elite_improvements: 0
num_exchanges: 0
num_shakes: 0
num_resets: 0
