Custom stopping criteria not supplied by the user. Using max. time = 60s and max. stall_offset = 0
Using 1 threads for decoding
initialization time: 0.0146936
best warm start solution: 407.002
TSP tour:
0 7 48 6 27 35 25 15 20 26 36 14 2 18 29 31 9 21 47 8 10 4 40 3 12 41 44 45 19 23 33 24 30 38 39 11 37 17 42 1 5 49 22 43 13 34 28 32 46 16 
Operations:
0,-1,7|7,48,6|6,35,25|25,15,20|20,26,36|36,14,2|2,18,31|31,21,47|47,10,40|40,3,12|12,41,44|44,19,33|33,24,30|30,38,39|39,11,37|37,17,42|42,1,5|5,49,22|22,43,13|13,34,32|32,16,0|
method: def_initPop
seed: 297720
Instance: 1
best_fitness: 375.369
current_iteration: 7103
last_update_iteration: 120
current_time: 60.0087s
last_update_time: 1.03371s
largest_iteration_offset: 45
stalled_iterations: 6983
path_relink_time: 0s
num_path_relink_calls: 0
num_homogenities: 0
num_best_improvements: 0
num_elite_improvements: 0
num_exchanges: 0
num_shakes: 0
num_resets: 0
