Custom stopping criteria not supplied by the user. Using max. time = 15s and max. stall_offset = 0
Using 1 threads for decoding
initialization time: 0.0189734
best warm start solution: 522.057
TSP tour:
0 34 46 12 59 67 70 50 22 64 62 36 52 24 33 69 31 2 74 19 55 57 27 10 25 72 15 16 60 20 58 3 18 48 44 68 41 73 45 9 29 23 7 14 28 54 30 8 1 6 65 63 42 51 38 53 47 5 13 26 49 66 39 17 40 11 4 35 37 71 56 61 43 21 32 
Operations:
0,34,46|34,46,12|12,59,67|67,64,62|62,36,52|52,33,69|69,31,2|2,74,19|74,19,55|55,57,27|27,10,25|25,72,15|15,16,60|60,20,58|58,3,18|18,44,41|41,73,45|45,9,29|29,7,54|54,8,1|1,6,65|65,42,51|51,53,5|5,13,26|26,49,66|66,17,40|40,11,4|4,37,56|56,61,43|43,21,0|
method: def_initPop
seed: 7515072
Instance: 1
best_fitness: 495.022
current_iteration: 700
last_update_iteration: 337
current_time: 15.0188s
last_update_time: 7.18414s
largest_iteration_offset: 150
stalled_iterations: 363
path_relink_time: 0s
num_path_relink_calls: 0
num_homogenities: 0
num_best_improvements: 0
num_elite_improvements: 0
num_exchanges: 0
num_shakes: 0
num_resets: 0
