Custom stopping criteria not supplied by the user. Using max. time = 15s and max. stall_offset = 0
Using 1 threads for decoding
initialization time: 0.0339452
best warm start solution: 846.71
TSP tour:
0 10 1 6 15 46 32 28 39 38 3 9 40 41 26 21 19 45 7 27 49 23 11 30 22 5 12 24 44 36 33 48 14 34 18 16 17 2 8 4 31 25 42 47 43 20 37 29 35 13 
Operations:
0,10,1|1,6,32|32,28,39|39,38,9|9,21,7|7,23,11|11,30,22|22,12,24|24,44,36|36,33,48|48,14,17|17,4,25|25,29,35|35,13,0|
method: def_initPop
seed: 8434820
Instance: 1
best_fitness: 756.784
current_iteration: 1094
last_update_iteration: 310
current_time: 15.0052s
last_update_time: 4.25239s
largest_iteration_offset: 165
stalled_iterations: 784
path_relink_time: 0s
num_path_relink_calls: 0
num_homogenities: 0
num_best_improvements: 0
num_elite_improvements: 0
num_exchanges: 0
num_shakes: 0
num_resets: 0
