Custom stopping criteria not supplied by the user. Using max. time = 60s and max. stall_offset = 0
Using 1 threads for decoding
initialization time: 0.0404076
best warm start solution: 775.686
TSP tour:
0 73 18 15 31 62 33 66 20 30 64 37 55 5 60 56 57 53 54 41 11 12 63 69 23 47 72 10 46 70 58 2 6 48 17 34 16 9 38 40 59 49 3 7 61 51 4 45 52 13 35 14 19 43 27 50 36 28 22 68 71 67 29 21 65 24 26 25 32 39 1 74 8 44 42 
Operations:
0,18,15|15,62,33|33,66,37|37,55,5|5,60,56|56,57,54|54,-1,41|41,11,12|12,69,23|23,72,10|10,46,70|70,58,2|2,48,17|17,34,16|16,9,38|38,40,59|59,49,7|7,61,51|51,13,14|14,19,50|50,36,28|28,68,21|21,24,26|26,32,39|39,1,74|74,44,0|
method: def_initPop
seed: 1764168
Instance: 1
best_fitness: 657.698
current_iteration: 3709
last_update_iteration: 398
current_time: 60.0029s
last_update_time: 6.38197s
largest_iteration_offset: 60
stalled_iterations: 3311
path_relink_time: 0s
num_path_relink_calls: 0
num_homogenities: 0
num_best_improvements: 0
num_elite_improvements: 0
num_exchanges: 0
num_shakes: 0
num_resets: 0
