Custom stopping criteria not supplied by the user. Using max. time = 15s and max. stall_offset = 0
Using 1 threads for decoding
initialization time: 0.0574928
best warm start solution: 940.893
TSP tour:
0 5 48 46 4 45 12 27 31 39 49 2 69 38 65 44 3 60 64 66 55 57 16 50 25 41 71 22 42 14 7 30 58 63 74 21 28 59 36 24 52 73 33 43 32 47 6 56 53 8 26 40 68 37 35 70 18 29 51 10 72 15 19 34 1 13 23 20 17 61 9 54 11 62 67 
Operations:
0,48,46|46,4,45|45,12,27|12,27,31|31,39,49|49,2,69|69,38,65|65,44,3|3,64,66|66,55,57|57,16,50|50,25,22|22,42,14|14,7,30|30,58,63|63,74,28|28,59,36|36,24,52|52,73,33|33,32,47|47,6,56|56,53,8|8,26,40|40,68,35|35,70,18|18,10,15|15,19,34|34,13,61|61,9,54|54,11,62|62,67,0|
method: def_initPop
seed: 8434820
Instance: 1
best_fitness: 837.818
current_iteration: 706
last_update_iteration: 250
current_time: 15.0136s
last_update_time: 5.28911s
largest_iteration_offset: 59
stalled_iterations: 456
path_relink_time: 0s
num_path_relink_calls: 0
num_homogenities: 0
num_best_improvements: 0
num_elite_improvements: 0
num_exchanges: 0
num_shakes: 0
num_resets: 0
