Custom stopping criteria not supplied by the user. Using max. time = 120s and max. stall_offset = 0
Using 1 threads for decoding
initialization time: 0.0275328
best warm start solution: 478.895
TSP tour:
0 47 38 44 24 1 43 8 30 36 49 9 26 37 2 14 17 22 42 32 28 27 41 3 39 20 45 31 19 25 4 48 11 7 6 21 13 29 33 46 16 12 35 34 10 18 5 23 40 15 
Operations:
0,47,24|24,1,8|8,30,9|9,26,37|37,2,14|2,14,17|17,22,42|42,32,27|27,41,3|3,39,20|20,45,31|31,25,4|4,48,11|11,7,6|6,21,13|13,29,33|33,46,16|16,12,35|35,34,18|18,23,0|
method: def_initPop
seed: 7515072
Instance: 1
best_fitness: 416.214
current_iteration: 9243
last_update_iteration: 757
current_time: 120.012s
last_update_time: 9.84013s
largest_iteration_offset: 647
stalled_iterations: 8486
path_relink_time: 0s
num_path_relink_calls: 0
num_homogenities: 0
num_best_improvements: 0
num_elite_improvements: 0
num_exchanges: 0
num_shakes: 0
num_resets: 0
