Custom stopping criteria not supplied by the user. Using max. time = 120s and max. stall_offset = 0
Using 1 threads for decoding
initialization time: 0.0269053
best warm start solution: 478.895
TSP tour:
0 38 44 23 24 43 1 8 36 30 49 9 26 37 2 14 17 32 42 28 22 27 41 3 39 20 45 31 19 25 4 48 11 7 6 21 13 29 33 46 16 12 35 10 34 18 47 5 40 15 
Operations:
0,23,24|24,1,8|8,30,9|9,26,37|37,2,14|2,14,17|17,32,42|42,22,27|27,41,3|3,39,20|20,45,31|31,25,4|4,48,11|11,7,6|6,21,13|13,29,33|33,46,16|16,12,35|35,34,18|18,47,40|40,15,0|
method: def_initPop
seed: 8434820
Instance: 1
best_fitness: 416.032
current_iteration: 9397
last_update_iteration: 205
current_time: 120.006s
last_update_time: 2.62715s
largest_iteration_offset: 69
stalled_iterations: 9192
path_relink_time: 0s
num_path_relink_calls: 0
num_homogenities: 0
num_best_improvements: 0
num_elite_improvements: 0
num_exchanges: 0
num_shakes: 0
num_resets: 0
