Custom stopping criteria not supplied by the user. Using max. time = 60s and max. stall_offset = 0
Using 1 threads for decoding
initialization time: 0.0304304
best warm start solution: 478.895
TSP tour:
0 38 23 44 24 1 43 8 36 30 49 9 37 26 2 14 17 32 42 28 22 27 41 3 39 20 45 31 19 25 4 48 47 11 21 6 13 29 33 46 16 12 35 10 34 18 7 5 40 15 
Operations:
0,23,24|24,1,8|8,30,9|9,26,2|2,14,17|17,32,42|42,22,27|27,41,3|3,39,20|20,45,19|19,25,48|48,47,21|21,6,13|13,29,33|33,46,16|16,12,35|35,34,18|18,7,40|40,15,0|
method: def_initPop
seed: 1764168
Instance: 1
best_fitness: 419.204
current_iteration: 4675
last_update_iteration: 129
current_time: 60.0019s
last_update_time: 1.64688s
largest_iteration_offset: 37
stalled_iterations: 4546
path_relink_time: 0s
num_path_relink_calls: 0
num_homogenities: 0
num_best_improvements: 0
num_elite_improvements: 0
num_exchanges: 0
num_shakes: 0
num_resets: 0
