Custom stopping criteria not supplied by the user. Using max. time = 60s and max. stall_offset = 0
Using 1 threads for decoding
initialization time: 0.013057
best warm start solution: 504.275
TSP tour:
0 14 27 22 25 32 24 40 23 33 12 15 4 17 3 10 18 43 39 36 37 8 5 47 13 28 21 7 6 19 20 44 1 2 45 42 26 30 16 35 48 41 38 9 11 34 29 46 31 49 
Operations:
0,27,32|32,24,33|33,12,43|43,39,5|5,21,6|6,30,16|16,48,9|9,34,29|29,31,0|
method: def_initPop
seed: 297720
Instance: 1
best_fitness: 488.298
current_iteration: 4690
last_update_iteration: 61
current_time: 60.0081s
last_update_time: 0.736308s
largest_iteration_offset: 40
stalled_iterations: 4629
path_relink_time: 0s
num_path_relink_calls: 0
num_homogenities: 0
num_best_improvements: 0
num_elite_improvements: 0
num_exchanges: 0
num_shakes: 0
num_resets: 0
