Custom stopping criteria not supplied by the user. Using max. time = 60s and max. stall_offset = 0
Using 1 threads for decoding
initialization time: 0.0128812
best warm start solution: 504.275
TSP tour:
0 14 22 32 25 40 24 23 33 12 15 4 17 3 10 18 43 36 37 39 8 5 47 21 13 28 7 6 20 44 19 2 1 45 42 26 30 48 16 35 9 41 11 38 34 31 29 46 27 49 
Operations:
0,22,32|32,24,33|33,12,43|43,39,5|5,21,6|6,19,1|1,30,48|48,11,34|34,27,0|
method: def_initPop
seed: 2700001
Instance: 1
best_fitness: 490.63
current_iteration: 4647
last_update_iteration: 184
current_time: 60.0012s
last_update_time: 2.36838s
largest_iteration_offset: 78
stalled_iterations: 4463
path_relink_time: 0s
num_path_relink_calls: 0
num_homogenities: 0
num_best_improvements: 0
num_elite_improvements: 0
num_exchanges: 0
num_shakes: 0
num_resets: 0
