Custom stopping criteria not supplied by the user. Using max. time = 60s and max. stall_offset = 0
Using 1 threads for decoding
initialization time: 0.085127
best warm start solution: 1223.13
TSP tour:
0 42 53 39 74 64 18 30 31 25 14 21 51 72 56 27 11 70 33 20 66 38 40 49 29 16 5 67 65 60 63 26 37 2 3 12 61 47 6 9 69 68 22 32 34 24 36 52 17 28 7 4 15 57 48 41 59 45 55 1 8 13 62 44 50 35 73 10 19 54 58 43 71 23 46 
Operations:
0,42,53|53,74,64|64,18,30|30,25,14|14,21,51|51,29,16|16,5,67|67,63,26|26,2,12|12,61,6|6,9,69|69,22,32|32,34,28|28,7,4|4,15,45|45,55,1|1,8,13|13,62,44|44,19,58|58,43,71|71,23,0|
method: def_initPop
seed: 2700001
Instance: 1
best_fitness: 1075.57
current_iteration: 3531
last_update_iteration: 366
current_time: 60.005s
last_update_time: 6.13913s
largest_iteration_offset: 145
stalled_iterations: 3165
path_relink_time: 0s
num_path_relink_calls: 0
num_homogenities: 0
num_best_improvements: 0
num_elite_improvements: 0
num_exchanges: 0
num_shakes: 0
num_resets: 0
