Custom stopping criteria not supplied by the user. Using max. time = 15s and max. stall_offset = 0
Using 1 threads for decoding
initialization time: 0.0107773
best warm start solution: 474.155
TSP tour:
0 32 22 4 13 3 31 18 16 23 39 12 48 19 2 46 1 36 10 9 6 5 24 11 27 34 14 17 20 40 25 41 28 44 37 42 7 26 35 47 30 33 8 49 15 43 45 29 38 21 
Operations:
0,32,22|22,4,13|13,3,31|31,16,23|23,39,12|12,48,19|19,2,46|46,1,36|36,10,9|9,6,24|24,11,27|27,34,17|17,20,40|40,25,28|28,44,37|37,42,7|7,26,35|35,47,30|30,49,15|15,29,38|38,21,0|
method: def_initPop
seed: 7515072
Instance: 1
best_fitness: 433.351
current_iteration: 1656
last_update_iteration: 378
current_time: 15.0033s
last_update_time: 3.43805s
largest_iteration_offset: 129
stalled_iterations: 1278
path_relink_time: 0s
num_path_relink_calls: 0
num_homogenities: 0
num_best_improvements: 0
num_elite_improvements: 0
num_exchanges: 0
num_shakes: 0
num_resets: 0
