Custom stopping criteria not supplied by the user. Using max. time = 15s and max. stall_offset = 0
Using 1 threads for decoding
initialization time: 0.0171539
best warm start solution: 612.772
TSP tour:
0 2 20 29 12 42 46 31 5 28 36 23 25 41 38 40 39 26 33 32 49 14 7 47 21 15 19 43 4 34 45 11 35 8 24 48 3 10 44 22 16 17 18 9 1 13 27 37 30 6 
Operations:
0,20,29|29,12,42|42,46,31|31,5,25|25,41,40|40,26,14|14,7,15|15,43,4|4,11,35|35,8,24|24,48,10|10,44,16|16,17,1|1,13,27|27,30,6|37,30,0|
method: def_initPop
seed: 2700001
Instance: 1
best_fitness: 493.167
current_iteration: 1224
last_update_iteration: 241
current_time: 15.0091s
last_update_time: 2.93169s
largest_iteration_offset: 88
stalled_iterations: 983
path_relink_time: 0s
num_path_relink_calls: 0
num_homogenities: 0
num_best_improvements: 0
num_elite_improvements: 0
num_exchanges: 0
num_shakes: 0
num_resets: 0
