Custom stopping criteria not supplied by the user. Using max. time = 15s and max. stall_offset = 0
Using 1 threads for decoding
initialization time: 0.0171552
best warm start solution: 612.772
TSP tour:
0 2 12 29 20 42 46 31 28 7 36 40 23 25 38 41 39 33 32 49 11 14 47 21 5 15 43 19 4 45 34 35 26 24 8 3 10 22 17 48 44 16 18 9 13 1 30 27 37 6 
Operations:
0,12,29|29,20,42|42,46,31|31,28,7|28,7,36|36,40,25|25,41,39|39,11,14|14,5,4|4,45,34|34,26,24|24,8,3|3,10,22|22,17,48|48,44,9|9,13,1|1,30,27|27,37,6|6,-1,0|
method: def_initPop
seed: 7515072
Instance: 1
best_fitness: 503.031
current_iteration: 1230
last_update_iteration: 386
current_time: 15.0045s
last_update_time: 4.70881s
largest_iteration_offset: 191
stalled_iterations: 844
path_relink_time: 0s
num_path_relink_calls: 0
num_homogenities: 0
num_best_improvements: 0
num_elite_improvements: 0
num_exchanges: 0
num_shakes: 0
num_resets: 0
