Custom stopping criteria not supplied by the user. Using max. time = 15s and max. stall_offset = 0
Using 1 threads for decoding
initialization time: 0.0146642
best warm start solution: 612.772
TSP tour:
0 2 12 29 20 42 46 31 28 36 38 23 25 33 40 39 32 49 14 47 21 41 15 43 19 4 5 34 45 11 35 24 8 3 26 10 22 17 48 44 16 18 9 13 1 30 27 7 37 6 
Operations:
0,12,29|29,20,42|42,46,31|31,38,23|23,25,33|33,40,39|39,41,15|15,43,19|19,5,34|4,5,45|45,11,24|24,8,3|3,26,22|22,17,48|48,44,9|9,13,1|1,30,27|27,7,0|
method: def_initPop
seed: 8434820
Instance: 1
best_fitness: 486.977
current_iteration: 1232
last_update_iteration: 288
current_time: 15.009s
last_update_time: 3.47232s
largest_iteration_offset: 43
stalled_iterations: 944
path_relink_time: 0s
num_path_relink_calls: 0
num_homogenities: 0
num_best_improvements: 0
num_elite_improvements: 0
num_exchanges: 0
num_shakes: 0
num_resets: 0
