Custom stopping criteria not supplied by the user. Using max. time = 30s and max. stall_offset = 0
Using 1 threads for decoding
initialization time: 0.037236
best warm start solution: 487.641
TSP tour:
0 56 13 70 24 49 47 53 33 30 45 65 73 27 6 50 46 44 39 21 3 63 5 18 74 38 57 11 15 51 1 41 35 43 17 8 34 60 42 32 69 54 40 31 2 67 61 9 59 10 19 64 20 29 68 48 66 16 72 4 71 26 36 12 55 7 22 23 58 37 14 28 62 52 25 
Operations:
0,56,13|56,13,70|70,24,49|49,47,53|53,33,30|33,30,45|45,65,73|73,27,6|6,50,46|46,44,39|39,21,3|3,63,5|5,18,74|74,38,11|11,15,51|51,1,35|35,43,17|17,8,34|34,60,42|42,32,40|40,2,67|67,61,9|9,59,10|10,64,20|20,29,48|48,16,72|72,4,71|71,36,12|12,55,7|7,22,23|23,58,37|37,14,28|28,62,52|52,25,0|
method: def_initPop
seed: 297720
Instance: 1
best_fitness: 435.613
current_iteration: 1587
last_update_iteration: 429
current_time: 30.0183s
last_update_time: 8.07612s
largest_iteration_offset: 163
stalled_iterations: 1158
path_relink_time: 0s
num_path_relink_calls: 0
num_homogenities: 0
num_best_improvements: 0
num_elite_improvements: 0
num_exchanges: 0
num_shakes: 0
num_resets: 0
