Custom stopping criteria not supplied by the user. Using max. time = 15s and max. stall_offset = 0
Using 1 threads for decoding
initialization time: 0.0464246
best warm start solution: 551.835
TSP tour:
0 55 49 19 33 11 38 51 41 28 45 58 50 34 74 22 31 46 63 9 40 7 39 42 60 17 26 3 54 13 36 15 65 6 30 8 72 12 43 20 64 5 69 61 1 4 68 25 27 24 71 2 59 70 66 56 23 67 32 62 21 57 35 29 52 18 37 44 14 16 47 73 53 48 10 
Operations:
0,55,49|49,19,33|33,11,38|38,51,41|41,28,45|45,58,50|50,34,74|74,46,63|63,9,7|7,39,42|42,60,17|17,3,54|54,13,36|36,15,65|65,6,30|30,8,12|12,43,20|20,5,69|69,61,1|1,4,25|25,27,24|24,71,2|2,59,70|70,66,56|56,23,67|67,21,57|57,35,29|29,52,18|18,14,16|16,47,73|73,53,48|48,10,0|
method: def_initPop
seed: 1764168
Instance: 1
best_fitness: 486.51
current_iteration: 785
last_update_iteration: 136
current_time: 15.0029s
last_update_time: 2.57056s
largest_iteration_offset: 56
stalled_iterations: 649
path_relink_time: 0s
num_path_relink_calls: 0
num_homogenities: 0
num_best_improvements: 0
num_elite_improvements: 0
num_exchanges: 0
num_shakes: 0
num_resets: 0
