Custom stopping criteria not supplied by the user. Using max. time = 15s and max. stall_offset = 0
Using 1 threads for decoding
initialization time: 0.0383102
best warm start solution: 551.835
TSP tour:
0 55 49 19 33 11 38 51 41 28 45 34 50 58 74 22 46 31 63 40 9 7 39 42 60 17 13 26 54 15 36 3 65 30 6 72 8 12 43 20 64 61 69 1 68 5 25 27 24 4 2 71 70 59 66 23 21 56 67 32 62 57 35 29 52 18 37 14 44 16 47 73 53 48 10 
Operations:
0,55,49|49,19,33|33,11,38|38,51,41|41,28,45|45,34,50|50,58,74|74,46,63|63,9,7|7,39,42|42,60,17|17,13,54|54,15,36|36,3,65|65,6,72|72,8,12|12,43,20|20,61,69|69,1,68|68,5,25|25,27,24|24,4,2|2,71,70|70,59,23|23,21,56|56,67,32|32,62,57|57,35,29|29,52,18|18,14,16|16,47,73|73,53,48|48,10,0|
method: def_initPop
seed: 8434820
Instance: 1
best_fitness: 481.848
current_iteration: 794
last_update_iteration: 144
current_time: 15.0158s
last_update_time: 2.72719s
largest_iteration_offset: 63
stalled_iterations: 650
path_relink_time: 0s
num_path_relink_calls: 0
num_homogenities: 0
num_best_improvements: 0
num_elite_improvements: 0
num_exchanges: 0
num_shakes: 0
num_resets: 0
