Custom stopping criteria not supplied by the user. Using max. time = 15s and max. stall_offset = 0
Using 1 threads for decoding
initialization time: 0.0581097
best warm start solution: 1059.1
TSP tour:
0 25 39 30 37 1 49 55 26 56 38 11 59 44 64 19 53 74 15 63 67 10 42 12 61 8 14 3 31 66 16 27 36 20 9 29 21 54 7 22 41 17 33 40 68 13 71 28 34 18 24 72 45 65 6 4 5 32 62 58 69 51 43 73 48 23 60 2 35 50 57 70 46 47 52 
Operations:
0,56,38|38,59,44|44,53,15|15,63,10|10,61,8|8,14,3|3,31,16|16,27,9|9,7,22|22,41,17|17,33,65|65,6,4|4,5,32|32,62,51|51,43,23|23,60,2|2,35,50|50,57,70|70,52,0|
method: def_initPop
seed: 297720
Instance: 1
best_fitness: 920.708
current_iteration: 627
last_update_iteration: 118
current_time: 15.0147s
last_update_time: 2.74265s
largest_iteration_offset: 52
stalled_iterations: 509
path_relink_time: 0s
num_path_relink_calls: 0
num_homogenities: 0
num_best_improvements: 0
num_elite_improvements: 0
num_exchanges: 0
num_shakes: 0
num_resets: 0
