Custom stopping criteria not supplied by the user. Using max. time = 15s and max. stall_offset = 0
Using 1 threads for decoding
initialization time: 0.0371127
best warm start solution: 1059.1
TSP tour:
0 55 49 26 38 52 11 59 44 64 53 15 74 19 12 67 42 61 10 31 63 8 3 14 37 30 1 39 25 66 16 20 27 9 36 29 21 7 54 41 33 17 45 72 40 68 71 13 28 34 18 6 24 65 4 62 32 58 5 69 43 51 73 48 35 23 60 2 22 50 70 56 46 57 47 
Operations:
0,49,26|26,52,11|11,59,64|64,53,12|12,61,10|10,63,30|30,1,39|39,25,66|66,27,9|9,36,29|29,7,54|21,7,41|41,33,13|13,6,65|65,62,58|58,5,69|69,43,48|48,35,2|2,22,50|50,56,46|46,57,0|
method: def_initPop
seed: 2700001
Instance: 1
best_fitness: 928.709
current_iteration: 634
last_update_iteration: 249
current_time: 15.0108s
last_update_time: 5.79235s
largest_iteration_offset: 69
stalled_iterations: 385
path_relink_time: 0s
num_path_relink_calls: 0
num_homogenities: 0
num_best_improvements: 0
num_elite_improvements: 0
num_exchanges: 0
num_shakes: 0
num_resets: 0
