Custom stopping criteria not supplied by the user. Using max. time = 15s and max. stall_offset = 0
Using 1 threads for decoding
initialization time: 0.0680633
best warm start solution: 1371.41
TSP tour:
0 30 46 37 80 85 60 45 28 25 89 66 23 71 9 29 53 34 82 7 17 58 88 92 12 75 96 76 93 69 79 72 50 74 8 68 36 39 52 3 91 62 94 40 32 4 90 20 6 98 38 43 22 5 2 41 26 21 73 97 63 95 42 14 84 99 83 1 15 55 16 49 51 54 87 31 35 61 18 27 19 24 48 10 77 44 11 64 47 56 33 59 70 57 86 65 81 13 67 78 
Operations:
0,46,37|37,80,85|85,45,25|25,89,66|66,23,71|71,9,53|53,34,82|82,7,17|17,58,88|88,92,12|92,12,75|75,96,76|76,69,79|79,50,74|74,8,68|68,36,39|39,52,3|3,91,40|40,90,20|20,6,98|98,38,73|73,97,95|95,14,84|84,99,1|1,15,55|55,16,49|49,51,35|35,61,18|18,27,19|19,24,48|48,10,77|77,44,11|11,64,56|56,57,86|86,65,81|81,13,67|67,78,0|
method: def_initPop
seed: 297720
Instance: 1
best_fitness: 1284.83
current_iteration: 512
last_update_iteration: 315
current_time: 15.0112s
last_update_time: 9.14526s
largest_iteration_offset: 88
stalled_iterations: 197
path_relink_time: 0s
num_path_relink_calls: 0
num_homogenities: 0
num_best_improvements: 0
num_elite_improvements: 0
num_exchanges: 0
num_shakes: 0
num_resets: 0
