Custom stopping criteria not supplied by the user. Using max. time = 60s and max. stall_offset = 0
Using 1 threads for decoding
initialization time: 0.0115368
best warm start solution: 882.702
TSP tour:
0 25 37 43 44 2 42 45 29 18 9 32 34 8 20 48 14 36 38 5 4 46 35 19 22 27 21 13 40 24 11 10 33 26 3 30 23 16 1 7 6 41 39 31 12 49 47 28 15 17 
Operations:
0,42,45|45,29,18|18,9,32|32,-1,34|34,8,20|20,48,36|36,38,27|27,21,13|13,24,11|11,33,3|3,30,1|1,7,6|6,31,12|12,49,47|47,28,15|15,17,0|
method: def_initPop
seed: 2700001
Instance: 1
best_fitness: 829.349
current_iteration: 6702
last_update_iteration: 284
current_time: 60.0035s
last_update_time: 2.54283s
largest_iteration_offset: 99
stalled_iterations: 6418
path_relink_time: 0s
num_path_relink_calls: 0
num_homogenities: 0
num_best_improvements: 0
num_elite_improvements: 0
num_exchanges: 0
num_shakes: 0
num_resets: 0
