Custom stopping criteria not supplied by the user. Using max. time = 15s and max. stall_offset = 0
Using 1 threads for decoding
initialization time: 0.0250083
best warm start solution: 818.291
TSP tour:
0 19 12 11 28 31 39 8 36 34 42 10 35 15 43 4 23 41 17 24 30 5 9 18 2 38 16 49 48 27 6 7 33 20 3 26 13 44 37 29 25 45 32 1 22 47 21 14 46 40 
Operations:
0,19,12|12,8,36|36,34,42|42,35,15|15,4,23|23,41,17|17,24,30|30,5,9|9,18,2|2,49,48|48,6,33|33,20,26|26,13,44|44,37,25|25,32,1|1,47,21|21,14,46|46,40,0|
method: def_initPop
seed: 7515072
Instance: 1
best_fitness: 705.348
current_iteration: 1102
last_update_iteration: 296
current_time: 15.0106s
last_update_time: 4.01689s
largest_iteration_offset: 94
stalled_iterations: 806
path_relink_time: 0s
num_path_relink_calls: 0
num_homogenities: 0
num_best_improvements: 0
num_elite_improvements: 0
num_exchanges: 0
num_shakes: 0
num_resets: 0
