Custom stopping criteria not supplied by the user. Using max. time = 15s and max. stall_offset = 0
Using 1 threads for decoding
initialization time: 0.0466173
best warm start solution: 767.27
TSP tour:
0 4 2 15 8 27 17 53 18 20 36 40 42 39 12 68 11 49 45 64 9 63 3 5 26 59 65 52 55 7 74 69 70 56 22 33 28 25 62 21 60 50 37 19 72 48 1 46 43 31 23 30 24 47 35 44 57 73 38 66 29 16 54 34 58 6 41 10 67 61 51 14 71 13 32 
Operations:
0,4,2|2,15,8|8,27,18|18,20,42|42,39,12|12,68,11|11,64,59|59,65,55|55,7,74|74,69,56|56,22,33|33,28,62|62,21,60|60,37,19|19,46,30|30,24,35|35,44,66|66,29,16|16,54,34|34,58,6|6,41,67|67,61,14|14,71,13|13,32,0|
method: def_initPop
seed: 2700001
Instance: 1
best_fitness: 716.997
current_iteration: 645
last_update_iteration: 341
current_time: 15.0188s
last_update_time: 7.89907s
largest_iteration_offset: 136
stalled_iterations: 304
path_relink_time: 0s
num_path_relink_calls: 0
num_homogenities: 0
num_best_improvements: 0
num_elite_improvements: 0
num_exchanges: 0
num_shakes: 0
num_resets: 0
