Custom stopping criteria not supplied by the user. Using max. time = 120s and max. stall_offset = 0
Using 1 threads for decoding
initialization time: 0.0209085
best warm start solution: 1023.72
TSP tour:
0 10 40 42 7 38 33 19 48 29 4 3 41 47 35 13 14 8 39 44 34 37 23 21 20 25 45 15 5 16 31 18 17 9 12 30 1 22 24 26 32 27 49 43 2 28 11 6 36 46 
Operations:
0,40,41|41,34,23|23,45,31|31,18,12|12,22,24|24,28,0|
method: def_initPop
seed: 2700001
Instance: 1
best_fitness: 992.95
current_iteration: 5993
last_update_iteration: 416
current_time: 120.006s
last_update_time: 8.24095s
largest_iteration_offset: 298
stalled_iterations: 5577
path_relink_time: 0s
num_path_relink_calls: 0
num_homogenities: 0
num_best_improvements: 0
num_elite_improvements: 0
num_exchanges: 0
num_shakes: 0
num_resets: 0
