Custom stopping criteria not supplied by the user. Using max. time = 60s and max. stall_offset = 0
Using 1 threads for decoding
initialization time: 0.0250177
best warm start solution: 947.365
TSP tour:
0 11 12 28 10 31 39 42 36 8 34 4 35 15 24 43 41 23 17 30 22 18 2 38 16 9 5 48 27 7 6 49 33 20 3 26 37 13 44 29 25 32 45 1 21 14 46 47 40 19 
Operations:
0,24,43|11,10,31|31,42,36|36,8,15|15,24,18|18,5,48|48,6,20|20,37,44|44,32,1|1,47,0|
method: def_initPop
seed: 1764168
Instance: 1
best_fitness: 902.397
current_iteration: 2991
last_update_iteration: 345
current_time: 60.0142s
last_update_time: 6.79425s
largest_iteration_offset: 197
stalled_iterations: 2646
path_relink_time: 0s
num_path_relink_calls: 0
num_homogenities: 0
num_best_improvements: 0
num_elite_improvements: 0
num_exchanges: 0
num_shakes: 0
num_resets: 0
