Custom stopping criteria not supplied by the user. Using max. time = 30s and max. stall_offset = 0
Using 1 threads for decoding
initialization time: 0.0264734
best warm start solution: 894.973
TSP tour:
0 40 42 7 38 33 28 19 48 29 4 3 41 34 47 35 13 8 14 39 37 44 45 23 15 21 25 20 5 31 18 17 16 12 9 30 1 22 32 24 27 49 26 11 43 6 2 36 46 10 
Operations:
0,40,7|7,38,33|33,28,4|4,3,41|41,34,47|47,35,13|13,8,14|14,37,44|44,45,23|23,15,21|21,25,20|20,5,31|31,18,17|17,16,12|12,9,30|30,1,22|1,22,32|32,24,27|27,26,11|11,43,6|6,2,46|46,10,0|
method: def_initPop
seed: 297720
Instance: 1
best_fitness: 759.104
current_iteration: 2411
last_update_iteration: 307
current_time: 30.0074s
last_update_time: 3.81477s
largest_iteration_offset: 132
stalled_iterations: 2104
path_relink_time: 0s
num_path_relink_calls: 0
num_homogenities: 0
num_best_improvements: 0
num_elite_improvements: 0
num_exchanges: 0
num_shakes: 0
num_resets: 0
