Custom stopping criteria not supplied by the user. Using max. time = 30s and max. stall_offset = 0
Using 1 threads for decoding
initialization time: 0.0264028
best warm start solution: 894.973
TSP tour:
0 10 28 42 38 7 33 40 19 48 29 4 3 41 34 47 13 35 14 8 39 44 45 23 37 21 20 25 5 15 18 16 9 31 12 17 30 22 1 32 26 27 24 49 43 11 6 36 2 46 
Operations:
0,28,42|42,38,7|7,40,4|4,3,41|41,34,13|13,35,14|14,8,39|39,44,45|44,45,23|23,37,20|20,5,15|15,18,16|16,31,12|12,17,30|30,22,32|32,26,27|27,24,49|49,43,11|11,6,36|36,2,0|
method: def_initPop
seed: 7515072
Instance: 1
best_fitness: 769.735
current_iteration: 2391
last_update_iteration: 128
current_time: 30.0113s
last_update_time: 1.60013s
largest_iteration_offset: 38
stalled_iterations: 2263
path_relink_time: 0s
num_path_relink_calls: 0
num_homogenities: 0
num_best_improvements: 0
num_elite_improvements: 0
num_exchanges: 0
num_shakes: 0
num_resets: 0
