Custom stopping criteria not supplied by the user. Using max. time = 60s and max. stall_offset = 0
Using 1 threads for decoding
initialization time: 0.0912031
best warm start solution: 1016.91
TSP tour:
0 46 58 47 67 12 79 4 99 52 65 33 60 83 69 28 66 62 55 70 13 25 18 45 72 98 9 11 44 78 57 51 92 7 91 96 38 76 87 32 29 49 59 54 35 94 95 80 77 15 16 27 17 42 14 21 48 5 39 84 41 40 19 97 50 81 24 88 22 74 37 56 68 90 2 36 23 30 20 93 86 8 1 73 31 43 64 6 82 63 85 53 89 75 61 26 34 71 3 10 
Operations:
0,46,58|58,47,67|67,-1,12|12,79,4|4,60,83|83,28,66|66,55,70|70,13,25|25,18,72|72,98,9|9,-1,11|11,44,78|78,92,7|7,91,96|96,38,76|76,87,32|32,29,59|59,54,95|95,77,15|15,16,27|27,17,48|48,84,41|41,40,19|19,97,24|24,88,22|22,37,56|56,68,30|30,93,86|86,1,43|43,64,6|6,63,85|85,53,89|89,75,61|61,-1,26|26,71,3|3,10,0|
method: def_initPop
seed: 297720
Instance: 1
best_fitness: 941.971
current_iteration: 2776
last_update_iteration: 462
current_time: 60.0109s
last_update_time: 9.89987s
largest_iteration_offset: 96
stalled_iterations: 2314
path_relink_time: 0s
num_path_relink_calls: 0
num_homogenities: 0
num_best_improvements: 0
num_elite_improvements: 0
num_exchanges: 0
num_shakes: 0
num_resets: 0
