Custom stopping criteria not supplied by the user. Using max. time = 30s and max. stall_offset = 0
Using 1 threads for decoding
initialization time: 0.046294
best warm start solution: 791.754
TSP tour:
0 4 21 10 27 49 5 35 36 28 1 17 8 23 39 41 13 47 25 2 19 43 11 33 24 18 46 44 9 7 42 34 38 32 6 31 22 15 45 16 26 29 14 30 48 12 20 40 37 3 
Operations:
0,10,27|27,49,5|5,35,17|17,13,25|25,2,19|19,43,11|11,33,24|24,18,46|46,44,9|9,7,42|42,34,38|38,32,6|6,31,22|22,15,45|45,26,29|29,14,30|30,48,12|12,37,0|
method: def_initPop
seed: 2700001
Instance: 1
best_fitness: 731.734
current_iteration: 2204
last_update_iteration: 527
current_time: 30.0023s
last_update_time: 7.18707s
largest_iteration_offset: 401
stalled_iterations: 1677
path_relink_time: 0s
num_path_relink_calls: 0
num_homogenities: 0
num_best_improvements: 0
num_elite_improvements: 0
num_exchanges: 0
num_shakes: 0
num_resets: 0
