Custom stopping criteria not supplied by the user. Using max. time = 30s and max. stall_offset = 0
Using 1 threads for decoding
initialization time: 0.0241518
best warm start solution: 485.717
TSP tour:
0 45 49 9 31 26 7 15 22 12 28 25 8 27 18 38 30 39 16 43 17 4 33 24 21 40 6 41 3 10 13 2 37 44 48 1 42 23 5 34 36 46 47 11 14 35 32 20 29 19 
Operations:
0,9,31|31,26,12|12,28,25|25,8,27|27,18,38|38,43,4|4,33,21|21,6,3|3,2,44|44,48,1|1,42,23|23,34,36|36,47,32|32,29,0|
method: def_initPop
seed: 297720
Instance: 1
best_fitness: 370.108
current_iteration: 2367
last_update_iteration: 309
current_time: 30.0119s
last_update_time: 3.87236s
largest_iteration_offset: 204
stalled_iterations: 2058
path_relink_time: 0s
num_path_relink_calls: 0
num_homogenities: 0
num_best_improvements: 0
num_elite_improvements: 0
num_exchanges: 0
num_shakes: 0
num_resets: 0
