Custom stopping criteria not supplied by the user. Using max. time = 15s and max. stall_offset = 0
Using 1 threads for decoding
initialization time: 0.170413
best warm start solution: 817.079
TSP tour:
0 23 63 60 8 16 3 44 19 4 29 70 69 9 24 28 73 1 41 67 61 18 49 38 50 46 31 43 55 65 51 47 54 10 27 40 14 5 52 53 21 34 68 22 30 45 26 56 64 7 36 25 42 17 39 58 59 11 2 20 6 74 35 33 37 48 15 57 72 13 12 32 66 71 62 
Operations:
0,8,16|16,44,29|29,70,41|41,61,46|46,43,47|47,10,34|34,22,30|30,45,2|2,35,33|33,48,72|72,32,66|66,62,0|
method: def_initPop
seed: 297720
Instance: 1
best_fitness: 803.962
current_iteration: 377
last_update_iteration: 195
current_time: 15.0356s
last_update_time: 7.65655s
largest_iteration_offset: 93
stalled_iterations: 182
path_relink_time: 0s
num_path_relink_calls: 0
num_homogenities: 0
num_best_improvements: 0
num_elite_improvements: 0
num_exchanges: 0
num_shakes: 0
num_resets: 0
