Custom stopping criteria not supplied by the user. Using max. time = 15s and max. stall_offset = 0
Using 1 threads for decoding
initialization time: 0.17508
best warm start solution: 817.079
TSP tour:
0 23 63 60 8 16 3 19 44 4 29 70 69 9 24 28 73 61 1 41 67 18 38 49 50 46 31 55 65 51 10 47 54 27 40 5 14 52 53 43 21 22 34 68 30 26 56 45 64 7 36 25 42 17 39 58 59 11 2 20 6 74 35 33 37 15 48 57 72 13 32 12 66 62 71 
Operations:
0,8,16|16,44,29|29,70,1|1,10,47|47,40,52|52,43,34|53,43,68|68,45,39|39,59,11|11,35,33|33,48,72|72,32,66|66,71,0|
method: def_initPop
seed: 1764168
Instance: 1
best_fitness: 802.047
current_iteration: 379
last_update_iteration: 127
current_time: 15.0355s
last_update_time: 4.86124s
largest_iteration_offset: 86
stalled_iterations: 252
path_relink_time: 0s
num_path_relink_calls: 0
num_homogenities: 0
num_best_improvements: 0
num_elite_improvements: 0
num_exchanges: 0
num_shakes: 0
num_resets: 0
