Custom stopping criteria not supplied by the user. Using max. time = 15s and max. stall_offset = 0
Using 1 threads for decoding
initialization time: 0.175045
best warm start solution: 817.079
TSP tour:
0 62 3 16 23 63 60 8 7 64 56 26 30 50 49 38 18 67 41 44 19 70 4 29 69 9 24 28 73 1 61 46 31 55 43 68 34 22 58 39 17 42 25 36 59 11 2 6 74 20 35 45 21 53 52 14 5 65 51 10 47 54 27 40 37 33 15 57 48 72 13 12 32 66 71 
Operations:
0,3,16|16,70,4|4,69,9|9,24,61|61,55,43|43,34,22|22,35,45|45,10,27|27,15,57|57,72,13|13,32,0|
method: def_initPop
seed: 7515072
Instance: 1
best_fitness: 803.596
current_iteration: 369
last_update_iteration: 125
current_time: 15.0314s
last_update_time: 4.83255s
largest_iteration_offset: 95
stalled_iterations: 244
path_relink_time: 0s
num_path_relink_calls: 0
num_homogenities: 0
num_best_improvements: 0
num_elite_improvements: 0
num_exchanges: 0
num_shakes: 0
num_resets: 0
