Custom stopping criteria not supplied by the user. Using max. time = 15s and max. stall_offset = 0
Using 1 threads for decoding
initialization time: 0.113074
best warm start solution: 580.056
TSP tour:
0 1 49 40 61 38 7 45 50 53 9 60 32 8 5 27 15 35 42 47 55 57 18 31 22 4 48 37 68 30 44 25 39 51 17 41 72 65 58 69 64 70 19 20 73 56 46 3 29 26 23 14 13 6 11 59 43 24 74 66 16 33 54 52 67 2 21 10 63 28 34 71 12 62 36 
Operations:
0,1,61|61,45,53|53,35,42|9,35,47|47,31,22|22,48,51|51,72,70|70,3,29|29,26,13|13,6,43|43,74,52|52,10,63|63,28,36|36,-1,0|
method: def_initPop
seed: 297720
Instance: 1
best_fitness: 560.422
current_iteration: 403
last_update_iteration: 164
current_time: 15.0058s
last_update_time: 5.97806s
largest_iteration_offset: 64
stalled_iterations: 239
path_relink_time: 0s
num_path_relink_calls: 0
num_homogenities: 0
num_best_improvements: 0
num_elite_improvements: 0
num_exchanges: 0
num_shakes: 0
num_resets: 0
