Custom stopping criteria not supplied by the user. Using max. time = 15s and max. stall_offset = 0
Using 1 threads for decoding
initialization time: 0.171959
best warm start solution: 713.314
TSP tour:
0 60 23 63 8 62 16 3 19 70 4 29 9 69 24 73 28 1 41 44 67 18 50 61 46 31 55 43 65 51 47 54 10 27 40 14 5 52 53 45 21 34 22 68 30 38 49 26 7 56 36 25 64 42 17 58 39 59 11 2 35 20 6 74 37 33 15 57 48 72 12 13 71 66 32 
Operations:
0,60,63|63,8,62|62,16,3|3,70,29|29,9,69|69,24,73|73,28,41|41,44,50|50,61,31|31,43,65|65,10,27|27,40,14|14,5,52|52,45,21|21,34,22|22,68,30|30,7,56|56,64,42|42,58,39|39,35,74|74,37,33|33,15,57|57,48,72|72,12,13|13,71,66|66,32,0|
method: def_initPop
seed: 1764168
Instance: 1
best_fitness: 640.363
current_iteration: 668
last_update_iteration: 336
current_time: 15.014s
last_update_time: 7.50067s
largest_iteration_offset: 128
stalled_iterations: 332
path_relink_time: 0s
num_path_relink_calls: 0
num_homogenities: 0
num_best_improvements: 0
num_elite_improvements: 0
num_exchanges: 0
num_shakes: 0
num_resets: 0
