Custom stopping criteria not supplied by the user. Using max. time = 15s and max. stall_offset = 0
Using 1 threads for decoding
initialization time: 0.89178
best warm start solution: 819.508
TSP tour:
0 30 51 12 32 60 11 49 54 41 15 63 64 74 28 23 6 50 57 43 3 34 36 25 35 10 33 8 72 55 73 5 61 22 46 7 37 68 53 66 52 13 19 2 42 56 20 45 1 14 39 16 71 44 24 59 40 70 4 62 38 58 9 48 18 26 27 67 31 65 47 29 69 17 21 
Operations:
0,30,51|51,12,32|32,60,49|49,54,15|15,63,6|6,50,57|57,3,36|36,25,35|35,10,33|33,8,72|72,73,22|22,46,7|7,37,53|53,52,19|19,2,42|42,56,14|14,59,62|62,38,58|58,9,48|48,18,67|67,31,65|65,47,29|29,69,17|17,21,0|
method: def_initPop
seed: 2700001
Instance: 1
best_fitness: 727.106
current_iteration: 657
last_update_iteration: 363
current_time: 15.0064s
last_update_time: 8.23282s
largest_iteration_offset: 153
stalled_iterations: 294
path_relink_time: 0s
num_path_relink_calls: 0
num_homogenities: 0
num_best_improvements: 0
num_elite_improvements: 0
num_exchanges: 0
num_shakes: 0
num_resets: 0
