Custom stopping criteria not supplied by the user. Using max. time = 60s and max. stall_offset = 0
Using 1 threads for decoding
initialization time: 0.0165843
best warm start solution: 701.132
TSP tour:
0 2 29 20 12 46 26 42 31 28 36 23 25 38 41 5 40 39 33 32 11 49 7 14 47 21 15 43 19 4 34 45 35 24 8 3 10 22 44 48 17 16 18 9 13 1 30 27 37 6 
Operations:
0,26,38|38,5,40|40,11,4|4,44,48|48,17,30|30,27,0|
method: def_initPop
seed: 2700001
Instance: 1
best_fitness: 691.016
current_iteration: 2895
last_update_iteration: 111
current_time: 60.0023s
last_update_time: 2.19486s
largest_iteration_offset: 50
stalled_iterations: 2784
path_relink_time: 0s
num_path_relink_calls: 0
num_homogenities: 0
num_best_improvements: 0
num_elite_improvements: 0
num_exchanges: 0
num_shakes: 0
num_resets: 0
