Custom stopping criteria not supplied by the user. Using max. time = 60s and max. stall_offset = 0
Using 1 threads for decoding
initialization time: 0.0256117
best warm start solution: 487.641
TSP tour:
0 70 56 49 24 47 33 53 30 45 65 73 50 6 46 27 39 44 21 63 3 5 38 74 18 32 15 1 57 11 51 41 43 35 17 34 69 42 8 54 2 40 61 67 59 9 64 10 19 31 20 68 60 48 66 72 37 16 71 26 55 12 7 23 22 58 4 36 29 14 62 28 25 52 13 
Operations:
0,70,56|56,49,24|24,47,33|33,-1,53|53,30,45|45,65,73|73,50,6|6,27,39|39,38,18|18,32,15|15,1,41|41,43,17|17,-1,34|34,69,42|42,8,54|54,2,40|40,61,67|67,59,9|9,64,10|10,31,20|20,-1,68|68,60,48|48,66,72|72,37,26|26,55,12|12,7,23|23,22,58|58,4,36|36,29,14|14,62,28|28,25,52|52,13,0|
method: def_initPop
seed: 1764168
Instance: 1
best_fitness: 482.119
current_iteration: 4019
last_update_iteration: 348
current_time: 60.0029s
last_update_time: 5.11605s
largest_iteration_offset: 188
stalled_iterations: 3671
path_relink_time: 0s
num_path_relink_calls: 0
num_homogenities: 0
num_best_improvements: 0
num_elite_improvements: 0
num_exchanges: 0
num_shakes: 0
num_resets: 0
