Custom stopping criteria not supplied by the user. Using max. time = 60s and max. stall_offset = 0
Using 1 threads for decoding
initialization time: 0.0493442
best warm start solution: 1216.68
TSP tour:
0 54 50 27 15 66 6 49 55 32 36 21 41 26 44 30 24 64 29 52 31 58 39 37 23 57 5 17 68 48 60 19 40 13 70 59 20 42 62 46 33 63 25 69 71 4 65 61 56 9 7 28 51 67 18 35 45 1 73 53 22 14 38 3 11 47 72 12 34 8 2 16 10 43 74 
Operations:
0,66,49|54,66,55|55,29,52|52,23,68|68,19,70|70,59,46|46,25,71|71,4,51|51,1,73|73,11,47|47,72,0|
method: def_initPop
seed: 2700001
Instance: 1
best_fitness: 1162.36
current_iteration: 1499
last_update_iteration: 199
current_time: 60.0011s
last_update_time: 7.60227s
largest_iteration_offset: 91
stalled_iterations: 1300
path_relink_time: 0s
num_path_relink_calls: 0
num_homogenities: 0
num_best_improvements: 0
num_elite_improvements: 0
num_exchanges: 0
num_shakes: 0
num_resets: 0
