Custom stopping criteria not supplied by the user. Using max. time = 60s and max. stall_offset = 0
Using 1 threads for decoding
initialization time: 0.0383518
best warm start solution: 551.835
TSP tour:
0 55 49 19 33 11 38 51 41 28 45 62 57 32 29 52 35 18 37 44 68 25 27 24 4 71 2 59 70 56 23 66 21 67 50 34 58 74 46 22 31 63 40 42 7 9 39 60 17 26 13 54 15 36 3 65 6 30 72 12 8 20 43 64 69 61 1 5 14 16 47 73 53 48 10 
Operations:
0,55,49|49,19,33|33,38,51|51,41,28|28,45,57|57,32,29|29,52,35|35,18,37|37,44,68|44,68,25|25,27,4|4,71,2|2,59,70|70,56,23|23,66,21|21,67,50|50,34,58|58,46,22|22,42,7|7,60,17|17,13,54|54,15,36|36,3,30|30,72,12|72,8,20|20,43,69|69,61,5|5,14,16|16,47,73|73,53,48|48,10,0|
method: def_initPop
seed: 7515072
Instance: 1
best_fitness: 509.195
current_iteration: 2816
last_update_iteration: 296
current_time: 60.0014s
last_update_time: 6.24157s
largest_iteration_offset: 134
stalled_iterations: 2520
path_relink_time: 0s
num_path_relink_calls: 0
num_homogenities: 0
num_best_improvements: 0
num_elite_improvements: 0
num_exchanges: 0
num_shakes: 0
num_resets: 0
