Custom stopping criteria not supplied by the user. Using max. time = 15s and max. stall_offset = 0
Using 1 threads for decoding
initialization time: 0.109621
best warm start solution: 1190.6
TSP tour:
0 42 53 39 64 18 30 25 31 21 14 51 72 56 27 11 29 70 33 20 38 66 26 40 49 16 5 67 65 63 60 37 3 2 12 61 47 6 9 69 68 22 32 34 24 36 17 52 7 28 74 4 15 57 62 48 55 1 59 41 45 8 13 54 44 35 50 73 10 58 19 43 71 46 23 
Operations:
0,42,53|53,39,64|64,18,30|30,25,31|31,21,14|14,29,33|33,26,16|16,5,67|67,63,60|60,2,12|12,61,6|6,9,69|69,22,32|32,34,24|24,36,17|36,17,52|52,7,28|28,74,4|4,15,57|57,62,55|55,1,45|45,8,13|13,54,44|44,35,50|50,73,10|10,19,71|71,23,0|
method: def_initPop
seed: 2700001
Instance: 1
best_fitness: 963.056
current_iteration: 718
last_update_iteration: 209
current_time: 15.0142s
last_update_time: 4.28481s
largest_iteration_offset: 47
stalled_iterations: 509
path_relink_time: 0s
num_path_relink_calls: 0
num_homogenities: 0
num_best_improvements: 0
num_elite_improvements: 0
num_exchanges: 0
num_shakes: 0
num_resets: 0
