Custom stopping criteria not supplied by the user. Using max. time = 15s and max. stall_offset = 0
Using 1 threads for decoding
initialization time: 0.0488873
best warm start solution: 1056.29
TSP tour:
0 74 54 27 15 50 49 66 55 32 36 29 41 44 64 30 52 24 58 31 39 23 37 17 5 68 48 19 60 40 70 13 59 42 20 62 46 33 57 63 26 21 25 69 6 71 4 65 9 61 51 56 28 7 67 18 35 45 47 73 1 3 14 22 38 53 72 34 12 8 2 11 16 10 43 
Operations:
0,74,54|54,27,15|15,50,49|49,66,55|55,29,41|41,64,30|30,52,58|58,31,39|39,23,68|68,19,60|60,40,70|70,13,59|59,42,20|20,62,46|46,33,57|33,57,63|63,26,21|21,25,69|69,6,71|71,4,65|65,9,61|61,51,56|56,47,1|1,3,14|14,38,53|53,72,34|34,12,8|8,11,0|
method: def_initPop
seed: 1764168
Instance: 1
best_fitness: 895.361
current_iteration: 735
last_update_iteration: 439
current_time: 15.007s
last_update_time: 8.92818s
largest_iteration_offset: 86
stalled_iterations: 296
path_relink_time: 0s
num_path_relink_calls: 0
num_homogenities: 0
num_best_improvements: 0
num_elite_improvements: 0
num_exchanges: 0
num_shakes: 0
num_resets: 0
