Custom stopping criteria not supplied by the user. Using max. time = 15s and max. stall_offset = 0
Using 1 threads for decoding
initialization time: 0.0489328
best warm start solution: 1056.29
TSP tour:
0 7 54 50 15 27 6 49 66 55 32 29 36 41 26 44 30 64 24 52 58 31 39 23 57 37 17 68 5 48 19 60 40 70 13 20 59 46 33 42 63 62 21 25 69 4 71 65 61 56 72 9 67 18 35 73 51 53 1 22 47 14 38 3 11 45 12 8 2 10 16 43 34 74 28 
Operations:
0,7,54|54,50,15|15,27,6|6,49,66|49,66,55|55,29,41|41,26,44|44,30,64|30,64,24|24,52,58|58,31,39|39,23,17|17,68,5|5,19,60|60,40,70|70,13,20|20,59,33|33,42,63|63,62,21|21,25,69|69,4,71|71,72,73|73,51,53|53,1,22|22,47,3|3,11,45|45,12,2|2,34,74|74,28,0|
method: def_initPop
seed: 7515072
Instance: 1
best_fitness: 865.937
current_iteration: 716
last_update_iteration: 239
current_time: 15.0149s
last_update_time: 4.95772s
largest_iteration_offset: 54
stalled_iterations: 477
path_relink_time: 0s
num_path_relink_calls: 0
num_homogenities: 0
num_best_improvements: 0
num_elite_improvements: 0
num_exchanges: 0
num_shakes: 0
num_resets: 0
