Custom stopping criteria not supplied by the user. Using max. time = 60s and max. stall_offset = 0
Using 1 threads for decoding
initialization time: 0.0188661
best warm start solution: 896.74
TSP tour:
0 33 15 24 18 47 29 8 43 41 35 38 19 31 32 48 3 44 28 45 5 30 23 13 11 10 46 42 26 21 27 20 7 34 12 1 16 2 39 17 22 49 14 4 9 25 6 37 40 36 
Operations:
0,15,47|47,29,8|8,43,41|41,35,38|38,31,32|32,48,3|3,28,5|5,30,23|23,13,11|11,10,46|46,21,27|27,20,7|7,34,12|12,16,39|39,22,49|49,14,4|4,9,25|25,6,37|37,36,0|
method: def_initPop
seed: 8434820
Instance: 1
best_fitness: 758.049
current_iteration: 7028
last_update_iteration: 249
current_time: 60.0043s
last_update_time: 2.19231s
largest_iteration_offset: 94
stalled_iterations: 6779
path_relink_time: 0s
num_path_relink_calls: 0
num_homogenities: 0
num_best_improvements: 0
num_elite_improvements: 0
num_exchanges: 0
num_shakes: 0
num_resets: 0
