Custom stopping criteria not supplied by the user. Using max. time = 240s and max. stall_offset = 0
Using 1 threads for decoding
initialization time: 0.189215
best warm start solution: 980.572
TSP tour:
0 6 58 37 47 74 43 23 4 28 63 13 30 19 10 15 57 61 56 42 21 25 17 9 33 51 18 44 8 5 55 46 69 64 32 7 50 71 52 16 31 3 73 65 54 70 24 14 62 1 27 22 45 11 35 12 72 38 48 59 34 60 29 2 53 20 49 26 39 36 40 41 67 66 68 
Operations:
0,74,28|28,30,19|63,30,10|10,15,42|42,17,33|33,8,5|5,55,32|32,50,71|71,52,27|27,22,12|12,48,60|60,53,20|20,39,41|49,39,41|26,39,67|67,68,0|
method: def_initPop
seed: 297720
Instance: 1
best_fitness: 942.897
current_iteration: 6236
last_update_iteration: 178
current_time: 240.002s
last_update_time: 6.66843s
largest_iteration_offset: 74
stalled_iterations: 6058
path_relink_time: 0s
num_path_relink_calls: 0
num_homogenities: 0
num_best_improvements: 0
num_elite_improvements: 0
num_exchanges: 0
num_shakes: 0
num_resets: 0
