Custom stopping criteria not supplied by the user. Using max. time = 15s and max. stall_offset = 0
Using 1 threads for decoding
initialization time: 0.0413705
best warm start solution: 859.78
TSP tour:
0 10 6 34 13 29 26 5 19 33 27 14 44 17 32 28 39 18 16 36 25 35 43 30 37 9 38 42 2 12 41 45 20 15 31 23 46 48 4 49 24 1 40 47 3 21 8 22 11 7 
Operations:
0,10,6|6,34,13|13,29,26|26,5,19|19,33,14|14,44,17|17,32,28|28,18,36|36,25,35|35,43,30|30,37,38|38,42,2|2,12,41|41,20,23|23,46,48|48,1,47|47,3,8|8,22,11|11,7,0|
method: def_initPop
seed: 297720
Instance: 1
best_fitness: 816.357
current_iteration: 1114
last_update_iteration: 264
current_time: 15.0097s
last_update_time: 3.54771s
largest_iteration_offset: 106
stalled_iterations: 850
path_relink_time: 0s
num_path_relink_calls: 0
num_homogenities: 0
num_best_improvements: 0
num_elite_improvements: 0
num_exchanges: 0
num_shakes: 0
num_resets: 0
