Custom stopping criteria not supplied by the user. Using max. time = 15s and max. stall_offset = 0
Using 1 threads for decoding
initialization time: 0.0224996
best warm start solution: 859.78
TSP tour:
0 34 10 8 6 13 11 29 26 5 19 37 33 27 14 44 17 32 28 18 39 16 36 25 35 43 30 9 22 38 42 2 12 41 45 20 15 23 31 49 24 4 48 46 7 1 47 40 21 3 
Operations:
0,34,10|10,8,13|13,11,29|29,26,5|5,19,37|37,33,14|14,44,17|17,32,28|28,18,36|36,25,35|35,43,30|30,22,38|38,42,2|2,12,41|41,20,23|23,31,49|49,24,46|46,7,1|1,47,40|40,21,0|
method: def_initPop
seed: 7515072
Instance: 1
best_fitness: 803.687
current_iteration: 1117
last_update_iteration: 618
current_time: 15.0096s
last_update_time: 8.28905s
largest_iteration_offset: 424
stalled_iterations: 499
path_relink_time: 0s
num_path_relink_calls: 0
num_homogenities: 0
num_best_improvements: 0
num_elite_improvements: 0
num_exchanges: 0
num_shakes: 0
num_resets: 0
