Custom stopping criteria not supplied by the user. Using max. time = 15s and max. stall_offset = 0
Using 1 threads for decoding
initialization time: 0.0381033
best warm start solution: 968.502
TSP tour:
0 51 11 2 68 50 37 33 47 61 27 16 22 48 71 13 25 17 1 35 9 31 49 74 64 8 28 63 70 26 54 58 29 32 53 12 46 52 34 10 19 20 65 43 5 36 21 69 4 45 55 23 40 57 66 60 38 30 44 39 67 56 41 62 15 73 3 42 72 24 14 59 7 18 6 
Operations:
0,51,11|11,27,16|16,25,49|49,74,8|8,63,70|70,26,54|54,32,52|52,34,10|10,20,65|65,43,21|21,69,4|4,45,55|55,60,30|30,62,15|15,73,3|3,42,24|24,14,59|59,7,0|
method: def_initPop
seed: 1764168
Instance: 1
best_fitness: 884.105
current_iteration: 618
last_update_iteration: 203
current_time: 15.0003s
last_update_time: 4.82996s
largest_iteration_offset: 76
stalled_iterations: 415
path_relink_time: 0s
num_path_relink_calls: 0
num_homogenities: 0
num_best_improvements: 0
num_elite_improvements: 0
num_exchanges: 0
num_shakes: 0
num_resets: 0
