Custom stopping criteria not supplied by the user. Using max. time = 120s and max. stall_offset = 0
Using 1 threads for decoding
initialization time: 0.0396144
best warm start solution: 979.002
TSP tour:
0 25 49 2 45 32 9 48 10 33 1 37 34 43 31 7 42 15 21 36 47 11 13 23 17 14 26 39 35 3 5 16 12 46 4 6 44 28 41 20 29 22 27 18 19 40 8 24 38 30 
Operations:
0,2,37|25,2,34|34,43,21|21,17,14|14,35,20|20,29,38|38,30,0|
method: def_initPop
seed: 7515072
Instance: 1
best_fitness: 957.22
current_iteration: 5729
last_update_iteration: 250
current_time: 120.013s
last_update_time: 5.11179s
largest_iteration_offset: 57
stalled_iterations: 5479
path_relink_time: 0s
num_path_relink_calls: 0
num_homogenities: 0
num_best_improvements: 0
num_elite_improvements: 0
num_exchanges: 0
num_shakes: 0
num_resets: 0
