Custom stopping criteria not supplied by the user. Using max. time = 30s and max. stall_offset = 0
Using 1 threads for decoding
initialization time: 0.0423436
best warm start solution: 485.089
TSP tour:
0 20 25 17 21 14 48 22 47 36 12 32 37 1 3 27 49 33 13 23 26 31 35 9 2 43 30 15 41 29 45 42 24 34 6 7 11 8 16 28 4 19 10 39 46 40 38 5 18 44 
Operations:
0,20,25|20,25,17|17,21,14|14,48,47|47,36,12|12,32,1|1,27,49|49,33,26|26,31,9|9,2,43|43,15,41|41,29,45|45,42,24|24,34,7|7,11,4|4,19,10|10,40,38|38,5,18|18,44,0|
method: def_initPop
seed: 297720
Instance: 1
best_fitness: 441.306
current_iteration: 2337
last_update_iteration: 129
current_time: 30.0015s
last_update_time: 1.64294s
largest_iteration_offset: 37
stalled_iterations: 2208
path_relink_time: 0s
num_path_relink_calls: 0
num_homogenities: 0
num_best_improvements: 0
num_elite_improvements: 0
num_exchanges: 0
num_shakes: 0
num_resets: 0
