Custom stopping criteria not supplied by the user. Using max. time = 30s and max. stall_offset = 0
Using 1 threads for decoding
initialization time: 0.0373438
best warm start solution: 861.575
TSP tour:
0 30 25 45 49 10 32 48 33 9 1 37 2 34 31 43 7 42 21 15 36 47 11 13 23 14 17 26 39 35 3 5 20 41 16 12 46 4 6 44 28 22 18 27 40 19 8 24 38 29 
Operations:
0,30,25|25,45,10|10,32,9|9,2,31|31,43,7|7,21,15|15,36,47|47,11,13|13,17,26|26,35,5|5,20,41|41,46,4|4,6,44|44,28,22|22,18,27|27,40,19|19,8,24|24,29,0|
method: def_initPop
seed: 1764168
Instance: 1
best_fitness: 754.947
current_iteration: 2183
last_update_iteration: 116
current_time: 30.0049s
last_update_time: 1.58297s
largest_iteration_offset: 34
stalled_iterations: 2067
path_relink_time: 0s
num_path_relink_calls: 0
num_homogenities: 0
num_best_improvements: 0
num_elite_improvements: 0
num_exchanges: 0
num_shakes: 0
num_resets: 0
