Custom stopping criteria not supplied by the user. Using max. time = 15s and max. stall_offset = 0
Using 1 threads for decoding
initialization time: 0.0739811
best warm start solution: 1504.56
TSP tour:
0 30 37 80 46 45 85 60 28 25 89 23 66 71 29 53 9 34 82 17 7 58 92 88 12 75 96 76 69 93 79 72 74 50 8 36 68 39 3 62 52 94 40 32 4 20 91 90 6 38 98 51 43 22 5 2 41 26 73 21 63 42 95 97 14 99 84 83 1 55 49 15 16 54 87 31 35 61 18 19 24 10 48 44 77 11 47 56 33 64 59 70 86 57 65 27 13 81 78 67 
Operations:
0,46,45|45,89,29|29,9,82|53,82,17|17,58,92|92,12,75|75,69,79|79,50,8|8,36,3|3,52,40|40,91,90|90,38,55|55,15,87|87,61,47|47,27,13|13,81,0|
method: def_initPop
seed: 1764168
Instance: 1
best_fitness: 1504.56
current_iteration: 296
last_update_iteration: 1
current_time: 15.031s
last_update_time: 0.0437732s
largest_iteration_offset: 1
stalled_iterations: 295
path_relink_time: 0s
num_path_relink_calls: 0
num_homogenities: 0
num_best_improvements: 0
num_elite_improvements: 0
num_exchanges: 0
num_shakes: 0
num_resets: 0
