Custom stopping criteria not supplied by the user. Using max. time = 15s and max. stall_offset = 0
Using 1 threads for decoding
initialization time: 0.0238166
best warm start solution: 762.539
TSP tour:
0 12 29 21 27 17 16 34 37 33 35 28 19 24 3 42 36 14 23 8 30 18 44 26 15 31 11 40 6 39 7 9 43 25 13 2 38 20 5 32 1 47 49 45 22 4 10 48 41 46 
Operations:
0,21,27|27,34,37|17,34,33|33,35,24|24,18,15|15,6,25|25,13,1|1,47,22|22,48,41|4,41,46|46,-1,0|
method: def_initPop
seed: 1764168
Instance: 1
best_fitness: 722.699
current_iteration: 764
last_update_iteration: 510
current_time: 15.0081s
last_update_time: 9.92478s
largest_iteration_offset: 126
stalled_iterations: 254
path_relink_time: 0s
num_path_relink_calls: 0
num_homogenities: 0
num_best_improvements: 0
num_elite_improvements: 0
num_exchanges: 0
num_shakes: 0
num_resets: 0
