Custom stopping criteria not supplied by the user. Using max. time = 60s and max. stall_offset = 0
Using 1 threads for decoding
initialization time: 0.0348872
best warm start solution: 1059.1
TSP tour:
0 25 39 30 52 37 1 49 26 55 38 59 44 11 64 53 15 63 74 19 67 10 61 42 12 8 14 3 66 31 16 36 20 27 9 29 7 21 54 22 41 17 40 68 72 24 18 34 28 33 71 13 45 65 6 4 5 32 58 62 69 51 73 43 48 23 60 2 35 50 70 56 46 57 47 
Operations:
0,52,26|26,55,38|38,59,44|44,53,15|15,63,67|67,61,8|8,14,3|3,31,16|16,27,9|9,7,22|22,41,17|17,33,65|65,6,4|4,5,32|32,62,51|51,43,23|23,60,2|2,35,50|50,56,46|46,57,0|
method: def_initPop
seed: 1764168
Instance: 1
best_fitness: 920.316
current_iteration: 2480
last_update_iteration: 320
current_time: 60.0017s
last_update_time: 7.65419s
largest_iteration_offset: 99
stalled_iterations: 2160
path_relink_time: 0s
num_path_relink_calls: 0
num_homogenities: 0
num_best_improvements: 0
num_elite_improvements: 0
num_exchanges: 0
num_shakes: 0
num_resets: 0
