Custom stopping criteria not supplied by the user. Using max. time = 30s and max. stall_offset = 0
Using 1 threads for decoding
initialization time: 0.0251612
best warm start solution: 451.691
TSP tour:
0 26 21 41 46 34 1 3 37 11 23 10 20 19 29 22 4 39 49 38 30 32 8 27 12 31 44 9 6 40 43 13 28 35 33 17 47 48 15 7 24 18 14 36 5 42 45 2 25 16 
Operations:
0,41,46|46,1,3|3,37,11|11,10,20|20,19,29|29,22,4|4,39,49|49,38,30|30,32,8|8,27,44|44,9,43|43,13,33|33,47,48|48,15,7|7,18,14|14,36,5|5,42,45|45,2,25|25,16,0|
method: def_initPop
seed: 7515072
Instance: 1
best_fitness: 355.03
current_iteration: 2491
last_update_iteration: 159
current_time: 30.0086s
last_update_time: 1.89496s
largest_iteration_offset: 23
stalled_iterations: 2332
path_relink_time: 0s
num_path_relink_calls: 0
num_homogenities: 0
num_best_improvements: 0
num_elite_improvements: 0
num_exchanges: 0
num_shakes: 0
num_resets: 0
