Custom stopping criteria not supplied by the user. Using max. time = 15s and max. stall_offset = 0
Using 1 threads for decoding
initialization time: 0.0423311
best warm start solution: 600.709
TSP tour:
0 53 16 61 9 37 36 3 43 17 70 18 35 51 50 66 30 69 38 60 55 40 26 28 63 74 58 24 71 72 54 22 8 1 27 47 19 59 49 34 52 20 64 65 29 5 12 14 42 23 48 73 2 31 56 44 13 46 39 67 57 11 62 15 7 33 68 41 4 32 45 10 6 25 21 
Operations:
0,61,9|9,50,66|66,40,26|26,74,71|71,1,47|47,12,2|2,46,62|31,46,15|15,7,4|4,32,21|21,-1,0|
method: def_initPop
seed: 7515072
Instance: 1
best_fitness: 566.333
current_iteration: 391
last_update_iteration: 137
current_time: 15.0033s
last_update_time: 5.01634s
largest_iteration_offset: 67
stalled_iterations: 254
path_relink_time: 0s
num_path_relink_calls: 0
num_homogenities: 0
num_best_improvements: 0
num_elite_improvements: 0
num_exchanges: 0
num_shakes: 0
num_resets: 0
