Custom stopping criteria not supplied by the user. Using max. time = 60s and max. stall_offset = 0
Using 1 threads for decoding
initialization time: 0.0324256
best warm start solution: 651.195
TSP tour:
0 2 45 17 6 12 18 69 16 31 1 58 32 13 42 68 27 25 37 60 21 44 19 49 15 30 57 28 22 24 64 43 35 73 48 39 47 53 71 5 7 8 38 34 36 65 23 63 14 26 70 61 9 29 3 52 46 20 50 11 59 74 33 66 51 62 4 10 40 41 72 54 67 55 56 
Operations:
0,2,45|45,17,12|12,18,69|69,16,31|31,1,58|58,32,13|13,42,27|27,25,37|37,57,22|22,24,64|64,43,35|35,73,48|48,39,47|47,71,5|5,7,8|8,38,34|34,36,65|65,23,14|14,70,61|61,9,29|29,52,46|46,20,50|50,11,59|59,74,33|33,66,51|51,62,4|4,10,40|40,41,72|72,54,67|67,55,0|
method: def_initPop
seed: 1764168
Instance: 1
best_fitness: 514.287
current_iteration: 3040
last_update_iteration: 275
current_time: 60.0067s
last_update_time: 5.37539s
largest_iteration_offset: 84
stalled_iterations: 2765
path_relink_time: 0s
num_path_relink_calls: 0
num_homogenities: 0
num_best_improvements: 0
num_elite_improvements: 0
num_exchanges: 0
num_shakes: 0
num_resets: 0
