Custom stopping criteria not supplied by the user. Using max. time = 240s and max. stall_offset = 0
Using 1 threads for decoding
initialization time: 0.0128218
best warm start solution: 495.207
TSP tour:
0 22 13 19 35 28 33 10 16 47 48 32 42 44 38 29 4 9 11 2 49 26 34 40 31 30 20 36 3 27 21 39 46 17 14 37 15 7 41 1 5 8 24 18 12 25 45 23 43 6 
Operations:
0,13,19|19,33,10|10,16,42|42,4,11|11,40,30|2,40,20|20,39,17|17,37,7|14,37,41|41,1,24|24,18,6|6,-1,0|
method: def_initPop
seed: 2700001
Instance: 1
best_fitness: 487.161
current_iteration: 12548
last_update_iteration: 162
current_time: 240.002s
last_update_time: 3.05128s
largest_iteration_offset: 76
stalled_iterations: 12386
path_relink_time: 0s
num_path_relink_calls: 0
num_homogenities: 0
num_best_improvements: 0
num_elite_improvements: 0
num_exchanges: 0
num_shakes: 0
num_resets: 0
