Custom stopping criteria not supplied by the user. Using max. time = 15s and max. stall_offset = 0
Using 1 threads for decoding
initialization time: 0.0309623
best warm start solution: 558.24
TSP tour:
0 36 55 89 72 33 47 21 19 88 25 31 78 62 44 37 43 94 7 59 60 99 3 12 79 26 5 54 40 16 22 32 2 91 39 73 71 56 10 14 11 65 13 85 50 97 1 84 53 80 90 93 29 95 34 46 61 23 96 41 67 20 49 6 58 17 18 86 24 92 74 66 57 87 64 52 51 75 35 70 45 28 69 27 82 77 98 38 76 8 81 9 42 30 83 15 63 48 4 68 
Operations:
0,36,55|55,89,72|72,21,19|19,88,25|25,31,78|78,62,44|44,37,94|94,7,59|59,60,99|99,3,12|12,79,26|26,5,54|5,54,40|40,16,22|22,32,2|2,91,10|10,11,65|65,13,85|13,85,50|50,53,80|80,90,29|29,34,46|46,61,23|23,96,41|41,67,20|20,49,6|6,58,17|17,18,86|18,86,24|24,92,74|74,66,57|57,87,52|52,51,75|75,35,70|70,45,28|28,69,27|27,82,77|77,98,38|38,76,8|8,81,9|9,42,30|30,83,15|15,48,4|4,68,0|
method: def_initPop
seed: 297720
Instance: 1
best_fitness: 502.769
current_iteration: 613
last_update_iteration: 197
current_time: 15.01s
last_update_time: 4.72979s
largest_iteration_offset: 71
stalled_iterations: 416
path_relink_time: 0s
num_path_relink_calls: 0
num_homogenities: 0
num_best_improvements: 0
num_elite_improvements: 0
num_exchanges: 0
num_shakes: 0
num_resets: 0
