Custom stopping criteria not supplied by the user. Using max. time = 15s and max. stall_offset = 0
Using 1 threads for decoding
initialization time: 0.0303958
best warm start solution: 558.24
TSP tour:
0 36 55 62 72 33 89 47 19 31 25 88 78 21 44 43 37 94 60 59 7 99 3 12 79 26 32 5 54 40 16 39 22 2 73 71 56 14 10 11 65 13 50 85 97 1 84 90 53 93 80 29 34 95 46 96 58 23 61 41 67 82 20 49 6 91 17 18 86 24 92 75 74 66 52 57 64 51 28 70 45 69 27 87 77 98 38 8 76 35 9 42 81 30 48 15 63 83 68 4 
Operations:
0,36,55|55,62,33|33,89,19|19,31,25|25,88,78|78,21,44|44,37,94|94,60,59|59,7,99|99,3,12|12,79,26|26,32,5|5,54,40|40,16,39|39,22,56|56,14,10|10,11,65|65,13,50|50,85,84|84,53,93|93,80,29|29,34,95|95,58,61|61,82,20|20,49,6|6,91,18|18,86,24|24,75,66|66,52,64|64,51,28|28,70,45|45,69,27|27,87,77|77,98,8|8,35,9|9,81,30|30,48,15|15,63,68|63,83,68|68,4,0|
method: def_initPop
seed: 7515072
Instance: 1
best_fitness: 489.866
current_iteration: 609
last_update_iteration: 308
current_time: 15.0185s
last_update_time: 7.54412s
largest_iteration_offset: 70
stalled_iterations: 301
path_relink_time: 0s
num_path_relink_calls: 0
num_homogenities: 0
num_best_improvements: 0
num_elite_improvements: 0
num_exchanges: 0
num_shakes: 0
num_resets: 0
