Custom stopping criteria not supplied by the user. Using max. time = 240s and max. stall_offset = 0
Using 1 threads for decoding
initialization time: 0.0198552
best warm start solution: 458.41
TSP tour:
0 27 22 14 32 25 40 24 23 12 33 15 4 17 10 3 18 39 43 36 37 5 8 47 13 28 7 21 6 19 20 44 2 30 1 42 45 26 16 35 48 41 9 38 11 46 31 29 34 49 
Operations:
0,27,22|22,14,32|32,25,40|25,24,23|23,12,15|15,4,17|17,10,3|3,39,36|36,37,5|5,8,7|7,21,6|6,30,1|1,42,45|45,26,16|16,48,9|9,38,11|11,31,29|29,34,0|
method: def_initPop
seed: 2700001
Instance: 1
best_fitness: 398.005
current_iteration: 18559
last_update_iteration: 84
current_time: 240.001s
last_update_time: 1.08654s
largest_iteration_offset: 32
stalled_iterations: 18475
path_relink_time: 0s
num_path_relink_calls: 0
num_homogenities: 0
num_best_improvements: 0
num_elite_improvements: 0
num_exchanges: 0
num_shakes: 0
num_resets: 0
