Custom stopping criteria not supplied by the user. Using max. time = 15s and max. stall_offset = 0
Using 1 threads for decoding
initialization time: 0.0258704
best warm start solution: 894.973
TSP tour:
0 42 40 7 38 33 28 19 48 29 4 3 41 12 47 35 13 34 8 14 39 44 45 23 37 21 20 25 5 15 31 16 17 9 18 30 22 1 32 24 27 26 49 43 11 2 36 6 46 10 
Operations:
0,40,7|7,38,33|33,28,4|4,3,41|41,12,47|47,35,13|13,34,8|8,14,44|44,45,23|23,37,20|20,5,15|15,31,16|16,17,9|9,18,30|30,22,32|32,24,27|27,26,49|49,43,11|11,2,36|36,6,46|46,10,0|
method: def_initPop
seed: 2700001
Instance: 1
best_fitness: 754.777
current_iteration: 1201
last_update_iteration: 338
current_time: 15.0079s
last_update_time: 4.20203s
largest_iteration_offset: 102
stalled_iterations: 863
path_relink_time: 0s
num_path_relink_calls: 0
num_homogenities: 0
num_best_improvements: 0
num_elite_improvements: 0
num_exchanges: 0
num_shakes: 0
num_resets: 0
