Custom stopping criteria not supplied by the user. Using max. time = 15s and max. stall_offset = 0
Using 1 threads for decoding
initialization time: 0.0270389
best warm start solution: 894.973
TSP tour:
0 10 28 42 38 7 40 33 19 48 29 4 3 41 12 47 35 13 34 8 14 39 44 45 23 37 21 20 25 5 15 18 16 31 9 17 30 22 1 32 26 27 24 49 43 11 6 36 46 2 
Operations:
0,28,42|42,38,7|7,40,4|4,3,41|41,12,47|47,35,13|13,34,8|8,14,44|44,45,23|23,37,20|20,5,15|15,18,16|16,31,9|9,17,30|30,22,32|32,26,27|27,24,49|49,43,11|11,6,36|36,2,0|
method: def_initPop
seed: 8434820
Instance: 1
best_fitness: 764.986
current_iteration: 1200
last_update_iteration: 380
current_time: 15.0122s
last_update_time: 4.75145s
largest_iteration_offset: 227
stalled_iterations: 820
path_relink_time: 0s
num_path_relink_calls: 0
num_homogenities: 0
num_best_improvements: 0
num_elite_improvements: 0
num_exchanges: 0
num_shakes: 0
num_resets: 0
