Custom stopping criteria not supplied by the user. Using max. time = 60s and max. stall_offset = 0
Using 1 threads for decoding
initialization time: 0.0160653
best warm start solution: 467.655
TSP tour:
0 43 3 22 36 16 42 2 20 48 33 45 18 15 25 1 46 32 4 24 31 26 37 7 13 29 11 47 40 10 44 19 8 23 49 14 30 9 21 34 39 5 17 41 27 12 38 35 6 28 
Operations:
0,43,3|3,22,36|36,16,42|42,2,20|20,48,33|33,45,18|18,25,1|1,46,32|32,-1,4|4,24,31|31,26,37|37,7,13|13,29,11|11,47,10|10,44,19|19,8,23|23,49,14|14,34,39|39,41,27|27,35,6|6,28,0|
method: def_initPop
seed: 7515072
Instance: 1
best_fitness: 401.393
current_iteration: 7677
last_update_iteration: 273
current_time: 60.0028s
last_update_time: 2.11139s
largest_iteration_offset: 56
stalled_iterations: 7404
path_relink_time: 0s
num_path_relink_calls: 0
num_homogenities: 0
num_best_improvements: 0
num_elite_improvements: 0
num_exchanges: 0
num_shakes: 0
num_resets: 0
