Custom stopping criteria not supplied by the user. Using max. time = 60s and max. stall_offset = 0
Using 1 threads for decoding
initialization time: 0.0145658
best warm start solution: 659.198
TSP tour:
0 18 16 22 9 36 2 5 20 42 13 24 25 43 15 44 17 48 1 38 47 7 26 40 19 29 4 34 27 31 41 30 23 46 6 12 37 8 33 49 45 32 39 21 14 10 11 35 3 28 
Operations:
0,20,13|13,1,38|38,34,41|41,30,12|12,39,21|21,3,0|
method: def_initPop
seed: 2700001
Instance: 1
best_fitness: 619.328
current_iteration: 2998
last_update_iteration: 137
current_time: 60.0116s
last_update_time: 2.64558s
largest_iteration_offset: 50
stalled_iterations: 2861
path_relink_time: 0s
num_path_relink_calls: 0
num_homogenities: 0
num_best_improvements: 0
num_elite_improvements: 0
num_exchanges: 0
num_shakes: 0
num_resets: 0
