Custom stopping criteria not supplied by the user. Using max. time = 15s and max. stall_offset = 0
Using 1 threads for decoding
initialization time: 0.081746
best warm start solution: 602.944
TSP tour:
0 50 10 7 91 52 67 41 95 59 88 6 43 18 69 90 60 37 65 42 45 32 39 85 21 87 57 63 54 23 66 56 73 49 22 36 19 78 11 14 61 99 80 68 40 70 47 71 9 35 76 30 13 31 77 27 84 53 55 81 4 97 5 8 93 96 16 46 48 17 33 86 89 20 15 82 79 62 58 75 64 25 2 38 12 24 92 3 51 72 44 1 28 26 34 83 74 98 94 29 
Operations:
0,7,52|52,67,41|41,59,88|88,6,43|43,18,69|69,90,60|60,37,65|65,42,45|45,39,21|21,87,63|63,54,23|23,56,73|73,49,22|22,36,19|19,78,11|11,14,61|61,99,80|80,68,40|40,47,35|35,76,30|30,13,31|31,77,27|27,84,53|53,55,81|81,4,97|97,5,8|8,93,96|96,16,46|46,48,17|17,33,89|89,20,15|15,82,62|62,58,75|75,64,25|25,24,92|92,3,51|51,44,1|1,28,26|26,34,83|83,98,94|94,29,0|
method: def_initPop
seed: 7515072
Instance: 1
best_fitness: 499.979
current_iteration: 613
last_update_iteration: 329
current_time: 15.0134s
last_update_time: 8.00453s
largest_iteration_offset: 75
stalled_iterations: 284
path_relink_time: 0s
num_path_relink_calls: 0
num_homogenities: 0
num_best_improvements: 0
num_elite_improvements: 0
num_exchanges: 0
num_shakes: 0
num_resets: 0
