Custom stopping criteria not supplied by the user. Using max. time = 240s and max. stall_offset = 0
Using 1 threads for decoding
initialization time: 0.227165
best warm start solution: 1351.81
TSP tour:
0 37 74 51 43 4 15 3 9 67 22 12 19 48 16 23 13 6 45 30 44 61 57 33 63 28 64 66 5 73 26 50 24 52 71 35 70 53 32 20 69 54 25 1 47 14 60 41 27 39 17 65 2 49 34 59 72 11 68 21 62 38 7 58 40 31 8 29 42 18 46 56 55 10 36 
Operations:
0,37,43|43,4,15|15,3,9|9,67,22|22,12,48|48,16,23|23,13,45|45,30,57|57,33,63|63,5,73|73,26,50|26,50,24|24,52,71|71,35,32|32,20,69|69,25,1|1,47,14|14,41,27|27,17,65|65,2,49|49,34,59|59,72,11|11,68,62|62,58,40|40,31,29|29,42,18|18,46,56|56,55,0|
method: def_initPop
seed: 297720
Instance: 1
best_fitness: 1227.47
current_iteration: 10434
last_update_iteration: 156
current_time: 240.002s
last_update_time: 3.49119s
largest_iteration_offset: 80
stalled_iterations: 10278
path_relink_time: 0s
num_path_relink_calls: 0
num_homogenities: 0
num_best_improvements: 0
num_elite_improvements: 0
num_exchanges: 0
num_shakes: 0
num_resets: 0
