Custom stopping criteria not supplied by the user. Using max. time = 60s and max. stall_offset = 0
Using 1 threads for decoding
initialization time: 0.188384
best warm start solution: 851.961
TSP tour:
0 6 58 37 47 18 43 23 4 63 28 13 19 30 57 10 61 15 56 42 25 21 17 33 9 51 55 5 8 46 69 44 32 7 64 50 52 71 16 31 3 73 65 54 70 67 24 14 22 1 62 27 11 45 48 35 12 38 72 59 53 60 29 34 2 20 49 39 26 36 41 40 74 66 68 
Operations:
0,6,58|58,18,63|63,28,13|13,19,30|19,30,57|57,10,61|61,15,42|42,25,21|21,17,9|9,51,55|55,8,46|46,69,32|32,7,50|50,52,31|31,3,73|73,65,54|54,67,14|14,22,1|1,62,27|27,11,45|45,48,12|12,38,72|72,59,60|60,34,49|49,39,36|36,41,40|40,74,66|66,68,0|
method: def_initPop
seed: 1764168
Instance: 1
best_fitness: 717.05
current_iteration: 2760
last_update_iteration: 363
current_time: 60.004s
last_update_time: 7.84205s
largest_iteration_offset: 234
stalled_iterations: 2397
path_relink_time: 0s
num_path_relink_calls: 0
num_homogenities: 0
num_best_improvements: 0
num_elite_improvements: 0
num_exchanges: 0
num_shakes: 0
num_resets: 0
