Custom stopping criteria not supplied by the user. Using max. time = 60s and max. stall_offset = 0
Using 1 threads for decoding
initialization time: 0.00968333
best warm start solution: 466.2
TSP tour:
0 4 22 13 45 43 3 31 18 39 23 12 16 19 48 2 1 46 36 9 10 5 6 24 11 14 27 17 20 40 34 41 44 28 25 37 26 35 47 7 30 49 33 8 15 42 21 29 32 38 
Operations:
0,4,22|22,13,45|45,43,3|3,39,23|23,12,19|19,48,9|9,10,5|5,6,24|24,11,14|14,27,17|17,20,40|40,34,41|41,44,28|28,25,37|37,26,35|35,7,30|30,49,33|33,42,21|21,29,32|32,38,0|
method: def_initPop
seed: 8434820
Instance: 1
best_fitness: 384.494
current_iteration: 7700
last_update_iteration: 261
current_time: 60.0045s
last_update_time: 2.06283s
largest_iteration_offset: 54
stalled_iterations: 7439
path_relink_time: 0s
num_path_relink_calls: 0
num_homogenities: 0
num_best_improvements: 0
num_elite_improvements: 0
num_exchanges: 0
num_shakes: 0
num_resets: 0
