Custom stopping criteria not supplied by the user. Using max. time = 60s and max. stall_offset = 0
Using 1 threads for decoding
initialization time: 0.0310785
best warm start solution: 816.538
TSP tour:
0 71 59 40 15 74 34 45 2 4 55 27 20 72 17 30 18 9 66 24 6 12 42 7 70 29 49 56 48 68 50 47 67 73 1 10 5 35 60 3 54 11 44 57 38 28 53 21 51 8 64 32 46 13 37 43 58 65 23 41 52 69 39 14 61 16 36 31 19 25 22 63 62 33 26 
Operations:
0,71,59|59,40,15|15,-1,74|74,34,45|45,4,27|27,20,17|17,30,18|18,9,24|24,6,12|12,70,48|48,68,47|47,67,73|73,1,10|10,5,60|60,3,54|54,57,28|28,53,21|21,8,64|64,32,46|46,13,37|37,43,65|65,41,52|52,69,61|61,36,31|31,19,22|22,62,0|
method: def_initPop
seed: 2700001
Instance: 1
best_fitness: 711.811
current_iteration: 3783
last_update_iteration: 379
current_time: 60.0115s
last_update_time: 6.06213s
largest_iteration_offset: 231
stalled_iterations: 3404
path_relink_time: 0s
num_path_relink_calls: 0
num_homogenities: 0
num_best_improvements: 0
num_elite_improvements: 0
num_exchanges: 0
num_shakes: 0
num_resets: 0
