Custom stopping criteria not supplied by the user. Using max. time = 15s and max. stall_offset = 0
Using 1 threads for decoding
initialization time: 0.0426495
best warm start solution: 485.089
TSP tour:
0 20 25 44 21 40 14 36 22 48 47 32 12 37 1 3 27 49 15 13 23 26 11 33 31 34 9 2 43 30 35 41 29 45 42 24 10 39 6 7 16 8 28 19 4 46 5 38 18 17 
Operations:
0,20,25|20,25,44|44,36,22|22,48,47|47,32,12|12,37,1|1,27,49|49,15,23|23,11,31|31,34,9|9,2,43|43,35,41|41,29,45|45,24,10|10,39,6|6,7,16|16,8,28|28,19,4|4,46,5|5,38,18|18,17,0|
method: def_initPop
seed: 2700001
Instance: 1
best_fitness: 446.046
current_iteration: 1177
last_update_iteration: 406
current_time: 15.011s
last_update_time: 5.19965s
largest_iteration_offset: 148
stalled_iterations: 771
path_relink_time: 0s
num_path_relink_calls: 0
num_homogenities: 0
num_best_improvements: 0
num_elite_improvements: 0
num_exchanges: 0
num_shakes: 0
num_resets: 0
