Custom stopping criteria not supplied by the user. Using max. time = 60s and max. stall_offset = 0
Using 1 threads for decoding
initialization time: 0.0358813
best warm start solution: 968.502
TSP tour:
0 7 51 68 50 37 33 61 47 13 17 71 48 16 64 22 63 74 27 28 8 70 26 54 58 29 46 12 32 53 52 34 10 19 20 43 65 5 21 36 4 69 55 40 23 45 66 57 60 38 30 44 39 67 56 41 15 62 73 42 3 72 24 14 59 25 18 6 49 31 9 35 1 11 2 
Operations:
0,7,13|13,17,71|71,64,22|22,27,28|28,8,70|70,26,54|54,32,52|52,34,10|10,20,65|65,5,21|21,36,4|4,69,40|40,45,57|57,60,44|44,39,67|67,56,41|41,62,73|73,42,3|3,72,24|24,14,59|59,25,11|11,2,0|
method: def_initPop
seed: 7515072
Instance: 1
best_fitness: 856.584
current_iteration: 2487
last_update_iteration: 241
current_time: 60.0226s
last_update_time: 5.68201s
largest_iteration_offset: 68
stalled_iterations: 2246
path_relink_time: 0s
num_path_relink_calls: 0
num_homogenities: 0
num_best_improvements: 0
num_elite_improvements: 0
num_exchanges: 0
num_shakes: 0
num_resets: 0
