Custom stopping criteria not supplied by the user. Using max. time = 120s and max. stall_offset = 0
Using 1 threads for decoding
initialization time: 0.0270267
best warm start solution: 974.351
TSP tour:
0 6 10 34 13 26 29 5 19 33 27 14 44 17 32 28 18 39 16 36 25 35 43 37 30 9 38 42 2 12 41 20 45 15 31 23 24 49 4 48 46 7 1 3 40 47 21 8 11 22 
Operations:
0,34,26|26,33,14|14,32,28|28,18,9|9,2,12|12,20,47|47,22,0|
method: def_initPop
seed: 2700001
Instance: 1
best_fitness: 968.019
current_iteration: 5885
last_update_iteration: 311
current_time: 120.019s
last_update_time: 6.22137s
largest_iteration_offset: 213
stalled_iterations: 5574
path_relink_time: 0s
num_path_relink_calls: 0
num_homogenities: 0
num_best_improvements: 0
num_elite_improvements: 0
num_exchanges: 0
num_shakes: 0
num_resets: 0
