Custom stopping criteria not supplied by the user. Using max. time = 30s and max. stall_offset = 0
Using 1 threads for decoding
initialization time: 0.0139868
best warm start solution: 628.568
TSP tour:
0 11 31 8 32 24 44 38 20 34 9 4 35 25 45 39 27 13 15 3 19 29 49 12 40 41 43 18 14 48 17 1 22 42 33 36 16 30 47 5 6 2 10 46 28 7 21 37 26 23 
Operations:
0,32,38|38,34,9|9,25,29|29,49,40|40,41,43|43,1,42|42,33,36|36,30,47|47,5,10|10,46,28|28,7,21|21,26,0|
method: def_initPop
seed: 297720
Instance: 1
best_fitness: 550.586
current_iteration: 2193
last_update_iteration: 202
current_time: 30.0011s
last_update_time: 2.72978s
largest_iteration_offset: 32
stalled_iterations: 1991
path_relink_time: 0s
num_path_relink_calls: 0
num_homogenities: 0
num_best_improvements: 0
num_elite_improvements: 0
num_exchanges: 0
num_shakes: 0
num_resets: 0
