Custom stopping criteria not supplied by the user. Using max. time = 30s and max. stall_offset = 0
Using 1 threads for decoding
initialization time: 0.014027
best warm start solution: 628.568
TSP tour:
0 11 31 8 32 24 38 20 44 25 9 4 35 26 45 34 39 15 3 19 29 49 40 41 12 43 18 1 14 48 17 42 33 22 16 36 5 47 30 2 6 10 23 28 13 46 7 27 37 21 
Operations:
0,32,38|38,25,45|45,34,19|19,49,40|40,41,12|12,1,42|42,33,16|16,36,5|5,30,2|2,6,28|28,13,7|7,27,37|37,21,0|
method: def_initPop
seed: 2700001
Instance: 1
best_fitness: 554.097
current_iteration: 2196
last_update_iteration: 115
current_time: 30.0001s
last_update_time: 1.54189s
largest_iteration_offset: 39
stalled_iterations: 2081
path_relink_time: 0s
num_path_relink_calls: 0
num_homogenities: 0
num_best_improvements: 0
num_elite_improvements: 0
num_exchanges: 0
num_shakes: 0
num_resets: 0
