Custom stopping criteria not supplied by the user. Using max. time = 30s and max. stall_offset = 0
Using 1 threads for decoding
initialization time: 0.0139917
best warm start solution: 628.568
TSP tour:
0 11 31 8 24 32 38 20 44 9 4 25 35 26 45 39 34 15 3 19 29 49 12 40 41 43 18 14 1 48 17 22 42 33 36 16 30 47 5 6 2 10 23 28 46 13 7 27 37 21 
Operations:
0,32,38|38,25,45|45,34,29|29,49,40|40,41,43|43,1,42|42,33,36|36,30,47|47,5,23|23,13,7|7,27,37|37,21,0|
method: def_initPop
seed: 8434820
Instance: 1
best_fitness: 555.431
current_iteration: 2230
last_update_iteration: 90
current_time: 30.0036s
last_update_time: 1.20215s
largest_iteration_offset: 19
stalled_iterations: 2140
path_relink_time: 0s
num_path_relink_calls: 0
num_homogenities: 0
num_best_improvements: 0
num_elite_improvements: 0
num_exchanges: 0
num_shakes: 0
num_resets: 0
