Custom stopping criteria not supplied by the user. Using max. time = 30s and max. stall_offset = 0
Using 1 threads for decoding
initialization time: 0.0283776
best warm start solution: 509.398
TSP tour:
0 46 34 59 12 70 67 36 50 62 22 52 33 24 31 69 2 74 19 55 57 27 25 16 72 15 10 60 58 20 18 3 48 68 44 41 73 45 23 29 14 9 54 28 30 8 1 6 65 7 63 38 51 42 47 5 53 13 49 26 11 66 39 17 40 37 4 64 35 71 56 43 61 32 21 
Operations:
0,46,34|34,59,12|12,70,67|67,36,50|50,22,52|52,33,24|24,31,69|69,2,74|74,19,55|55,57,27|27,16,72|72,15,10|10,60,58|58,20,18|18,3,68|68,44,41|41,73,45|45,23,29|29,14,54|54,28,30|30,8,1|1,6,65|65,7,63|63,38,51|51,42,47|47,53,13|13,49,26|26,11,39|39,17,40|40,37,4|4,64,35|35,71,56|56,61,32|32,21,0|
method: def_initPop
seed: 8434820
Instance: 1
best_fitness: 460.315
current_iteration: 1603
last_update_iteration: 293
current_time: 30.0036s
last_update_time: 5.47729s
largest_iteration_offset: 67
stalled_iterations: 1310
path_relink_time: 0s
num_path_relink_calls: 0
num_homogenities: 0
num_best_improvements: 0
num_elite_improvements: 0
num_exchanges: 0
num_shakes: 0
num_resets: 0
