Custom stopping criteria not supplied by the user. Using max. time = 15s and max. stall_offset = 0
Using 1 threads for decoding
initialization time: 0.0698835
best warm start solution: 633.821
TSP tour:
0 72 5 94 15 51 7 2 80 93 78 16 31 37 32 77 71 81 88 96 40 47 23 14 57 49 70 64 75 1 98 42 66 67 36 13 85 8 89 68 62 84 35 6 99 44 55 25 91 27 56 95 29 17 73 10 39 20 61 3 54 74 9 76 45 21 28 58 41 59 83 33 79 43 90 50 92 22 34 63 86 53 46 24 18 97 12 30 69 82 65 38 4 48 19 60 26 52 87 11 
Operations:
0,5,15|15,7,2|2,80,93|93,78,16|16,37,32|32,71,81|81,88,40|40,47,23|23,57,49|49,70,64|64,98,42|42,66,36|36,13,8|8,89,68|68,84,35|35,6,99|99,44,91|91,56,95|95,29,17|17,73,10|10,39,20|20,61,74|74,9,76|76,45,28|28,58,41|41,83,33|33,79,43|43,50,92|92,22,34|34,86,53|53,46,24|24,97,12|12,30,69|30,69,82|82,65,38|38,4,48|48,19,60|60,26,87|87,11,0|
method: def_initPop
seed: 8434820
Instance: 1
best_fitness: 560.519
current_iteration: 716
last_update_iteration: 235
current_time: 15.0026s
last_update_time: 4.88844s
largest_iteration_offset: 86
stalled_iterations: 481
path_relink_time: 0s
num_path_relink_calls: 0
num_homogenities: 0
num_best_improvements: 0
num_elite_improvements: 0
num_exchanges: 0
num_shakes: 0
num_resets: 0
