Custom stopping criteria not supplied by the user. Using max. time = 30s and max. stall_offset = 0
Using 1 threads for decoding
initialization time: 0.0286701
best warm start solution: 959.837
TSP tour:
0 22 3 41 10 31 18 36 48 24 34 26 11 17 27 8 39 40 37 16 4 7 28 21 15 20 23 47 38 35 14 44 25 33 1 46 45 2 12 30 32 5 6 9 43 49 29 13 42 19 
Operations:
0,3,41|41,10,31|31,18,36|36,48,34|34,11,17|17,27,8|8,40,16|16,21,15|15,20,23|23,38,35|35,14,44|44,25,33|33,45,2|2,12,30|30,32,6|6,9,49|49,29,13|13,42,0|
method: def_initPop
seed: 1764168
Instance: 1
best_fitness: 879.062
current_iteration: 2228
last_update_iteration: 138
current_time: 30.0011s
last_update_time: 1.83293s
largest_iteration_offset: 51
stalled_iterations: 2090
path_relink_time: 0s
num_path_relink_calls: 0
num_homogenities: 0
num_best_improvements: 0
num_elite_improvements: 0
num_exchanges: 0
num_shakes: 0
num_resets: 0
