Custom stopping criteria not supplied by the user. Using max. time = 60s and max. stall_offset = 0
Using 1 threads for decoding
initialization time: 0.0343279
best warm start solution: 767.27
TSP tour:
0 4 2 15 8 17 27 53 18 20 36 40 42 39 12 68 11 45 49 9 63 64 3 5 26 46 59 52 65 55 7 74 69 70 56 22 33 28 25 62 21 60 37 50 19 72 48 43 1 31 23 24 47 30 35 57 73 29 38 66 44 16 54 34 58 6 10 61 67 41 51 14 71 13 32 
Operations:
0,4,2|2,15,8|8,27,18|18,20,42|42,39,12|12,68,11|11,45,49|49,64,59|59,65,55|55,7,74|74,69,56|56,22,33|33,28,62|62,21,60|60,37,19|19,72,48|48,43,1|1,31,23|23,24,47|47,30,35|35,57,73|73,29,66|66,44,58|58,61,67|67,41,51|51,71,13|13,32,0|
method: def_initPop
seed: 1764168
Instance: 1
best_fitness: 717.502
current_iteration: 3588
last_update_iteration: 109
current_time: 60.009s
last_update_time: 1.82913s
largest_iteration_offset: 52
stalled_iterations: 3479
path_relink_time: 0s
num_path_relink_calls: 0
num_homogenities: 0
num_best_improvements: 0
num_elite_improvements: 0
num_exchanges: 0
num_shakes: 0
num_resets: 0
