Custom stopping criteria not supplied by the user. Using max. time = 30s and max. stall_offset = 0
Using 1 threads for decoding
initialization time: 0.0451433
best warm start solution: 1144.79
TSP tour:
0 15 4 11 47 65 6 54 41 8 39 63 5 51 73 23 42 3 31 26 35 52 74 53 21 44 36 28 10 29 71 13 1 20 68 17 60 62 57 12 14 64 55 58 66 9 72 30 61 50 48 56 34 25 46 19 40 32 45 49 67 70 43 16 37 33 59 2 24 7 18 38 27 69 22 
Operations:
0,47,5|5,74,53|53,71,1|1,57,12|20,57,12|68,57,14|14,64,72|72,30,61|61,19,45|45,67,70|70,43,59|59,24,7|7,38,0|
method: def_initPop
seed: 2700001
Instance: 1
best_fitness: 1096.57
current_iteration: 752
last_update_iteration: 223
current_time: 30.0245s
last_update_time: 8.65285s
largest_iteration_offset: 92
stalled_iterations: 529
path_relink_time: 0s
num_path_relink_calls: 0
num_homogenities: 0
num_best_improvements: 0
num_elite_improvements: 0
num_exchanges: 0
num_shakes: 0
num_resets: 0
