Custom stopping criteria not supplied by the user. Using max. time = 15s and max. stall_offset = 0
Using 1 threads for decoding
initialization time: 0.0641452
best warm start solution: 632.117
TSP tour:
0 54 82 46 44 11 32 95 94 8 60 29 52 50 41 70 43 47 5 53 90 85 17 75 72 2 35 19 91 81 61 27 33 48 84 6 71 28 83 57 22 40 36 64 24 68 12 76 97 38 42 55 63 59 26 87 73 10 21 9 1 92 99 77 14 93 30 18 31 4 58 39 66 15 80 89 67 69 37 16 56 7 74 34 20 65 3 88 98 62 51 86 23 96 45 49 25 79 13 78 
Operations:
0,54,82|82,95,8|8,29,5|5,17,75|75,81,33|33,84,57|57,22,24|24,55,59|59,21,9|9,92,14|14,31,58|58,89,67|67,20,3|3,62,51|51,23,49|86,79,13|13,78,0|
method: def_initPop
seed: 8434820
Instance: 1
best_fitness: 625.046
current_iteration: 313
last_update_iteration: 157
current_time: 15.0453s
last_update_time: 7.25514s
largest_iteration_offset: 123
stalled_iterations: 156
path_relink_time: 0s
num_path_relink_calls: 0
num_homogenities: 0
num_best_improvements: 0
num_elite_improvements: 0
num_exchanges: 0
num_shakes: 0
num_resets: 0
