Custom stopping criteria not supplied by the user. Using max. time = 15s and max. stall_offset = 0
Using 1 threads for decoding
initialization time: 0.111175
best warm start solution: 1403.51
TSP tour:
0 53 64 39 63 74 42 18 30 25 21 31 14 51 72 56 27 11 70 33 20 29 38 66 40 49 16 5 67 65 60 26 2 37 3 12 47 6 61 9 69 34 68 32 22 24 19 36 52 17 28 7 4 57 48 41 59 45 55 15 62 1 13 10 44 50 35 73 54 8 58 43 71 46 23 
Operations:
0,63,51|51,29,26|26,2,61|61,34,24|24,19,54|54,23,0|
method: def_initPop
seed: 297720
Instance: 1
best_fitness: 1381.53
current_iteration: 358
last_update_iteration: 153
current_time: 15.0107s
last_update_time: 6.01305s
largest_iteration_offset: 102
stalled_iterations: 205
path_relink_time: 0s
num_path_relink_calls: 0
num_homogenities: 0
num_best_improvements: 0
num_elite_improvements: 0
num_exchanges: 0
num_shakes: 0
num_resets: 0
