Custom stopping criteria not supplied by the user. Using max. time = 15s and max. stall_offset = 0
Using 1 threads for decoding
initialization time: 0.125819
best warm start solution: 1403.51
TSP tour:
0 46 53 64 39 74 42 18 30 25 21 31 14 51 72 56 27 11 70 33 20 38 66 40 49 16 5 67 65 60 63 29 26 2 61 12 37 3 47 6 9 34 69 68 32 22 24 36 52 17 28 7 4 57 48 41 59 45 55 15 62 1 13 8 54 10 44 50 35 73 19 43 58 71 23 
Operations:
0,64,39|39,25,21|21,31,27|27,70,20|11,70,66|66,29,26|26,2,9|9,34,28|28,4,57|57,15,62|62,13,54|54,19,0|
method: def_initPop
seed: 1764168
Instance: 1
best_fitness: 1403.51
current_iteration: 365
last_update_iteration: 1
current_time: 15.0064s
last_update_time: 0.0350055s
largest_iteration_offset: 1
stalled_iterations: 364
path_relink_time: 0s
num_path_relink_calls: 0
num_homogenities: 0
num_best_improvements: 0
num_elite_improvements: 0
num_exchanges: 0
num_shakes: 0
num_resets: 0
