Custom stopping criteria not supplied by the user. Using max. time = 120s and max. stall_offset = 0
Using 1 threads for decoding
initialization time: 0.0266114
best warm start solution: 845.335
TSP tour:
0 50 6 69 3 65 56 68 12 64 39 41 40 48 59 15 5 46 74 9 8 61 19 2 49 47 26 7 23 67 42 33 36 18 34 43 38 4 66 72 13 53 51 52 35 20 16 17 58 37 73 22 1 32 30 62 55 21 71 24 29 57 28 44 14 60 27 11 45 54 70 63 10 25 31 
Operations:
0,6,69|69,3,65|65,56,68|68,12,64|64,39,40|40,48,15|15,5,46|46,74,8|8,61,19|19,2,47|47,26,7|7,33,34|34,38,66|66,13,53|53,51,52|52,35,20|20,16,17|17,58,37|37,73,1|1,32,30|30,62,55|55,21,71|71,29,57|57,28,14|14,60,27|27,45,54|54,70,63|63,10,25|25,31,0|
method: def_initPop
seed: 1764168
Instance: 1
best_fitness: 759.615
current_iteration: 5296
last_update_iteration: 296
current_time: 120.021s
last_update_time: 6.61937s
largest_iteration_offset: 76
stalled_iterations: 5000
path_relink_time: 0s
num_path_relink_calls: 0
num_homogenities: 0
num_best_improvements: 0
num_elite_improvements: 0
num_exchanges: 0
num_shakes: 0
num_resets: 0
