Custom stopping criteria not supplied by the user. Using max. time = 120s and max. stall_offset = 0
Using 1 threads for decoding
initialization time: 0.0370973
best warm start solution: 825.184
TSP tour:
0 49 25 10 48 33 9 1 45 37 34 43 31 2 7 21 42 15 36 47 11 13 35 14 26 39 17 3 23 5 20 16 41 12 46 4 28 6 44 22 40 27 19 18 8 24 29 38 32 30 
Operations:
0,49,10|10,45,34|34,43,31|31,2,7|7,21,15|15,36,47|47,11,13|13,35,26|26,17,3|3,23,5|5,20,16|16,41,12|12,46,4|4,28,6|6,40,27|27,19,18|18,8,24|24,29,38|38,32,0|
method: def_initPop
seed: 7515072
Instance: 1
best_fitness: 682.161
current_iteration: 9492
last_update_iteration: 205
current_time: 120.005s
last_update_time: 2.57375s
largest_iteration_offset: 29
stalled_iterations: 9287
path_relink_time: 0s
num_path_relink_calls: 0
num_homogenities: 0
num_best_improvements: 0
num_elite_improvements: 0
num_exchanges: 0
num_shakes: 0
num_resets: 0
