Custom stopping criteria not supplied by the user. Using max. time = 60s and max. stall_offset = 0
Using 1 threads for decoding
initialization time: 0.0247745
best warm start solution: 532.68
TSP tour:
0 53 61 16 9 30 37 36 18 43 3 17 70 35 51 1 66 50 74 60 69 38 55 40 26 58 63 24 71 28 22 54 72 8 27 59 47 34 19 49 52 20 64 5 29 14 42 23 48 46 73 2 31 65 56 13 57 39 44 67 11 62 7 15 68 12 33 4 41 32 45 10 25 6 21 
Operations:
0,53,61|61,16,9|9,30,37|37,18,43|43,3,17|17,70,35|35,1,66|66,50,74|74,60,69|69,38,55|55,40,58|58,63,24|24,28,22|22,-1,54|54,72,8|8,59,47|47,34,19|19,49,20|20,64,5|5,29,14|14,-1,42|42,23,48|48,46,2|2,65,56|56,57,39|39,44,67|67,11,62|62,7,15|15,12,33|33,4,41|41,32,45|45,10,25|25,6,21|21,-1,0|
method: def_initPop
seed: 297720
Instance: 1
best_fitness: 425.21
current_iteration: 4435
last_update_iteration: 287
current_time: 60.006s
last_update_time: 3.79432s
largest_iteration_offset: 45
stalled_iterations: 4148
path_relink_time: 0s
num_path_relink_calls: 0
num_homogenities: 0
num_best_improvements: 0
num_elite_improvements: 0
num_exchanges: 0
num_shakes: 0
num_resets: 0
