Custom stopping criteria not supplied by the user. Using max. time = 60s and max. stall_offset = 0
Using 1 threads for decoding
initialization time: 0.0197862
best warm start solution: 504.275
TSP tour:
0 27 14 22 25 32 24 40 23 33 12 15 4 17 3 10 18 43 36 39 37 8 5 47 13 28 7 21 6 19 20 44 2 1 45 42 26 30 16 48 35 41 38 9 34 11 29 46 31 49 
Operations:
0,27,32|32,24,33|33,12,43|43,39,5|5,21,6|6,30,16|16,48,9|9,11,29|29,31,0|
method: def_initPop
seed: 8434820
Instance: 1
best_fitness: 488.298
current_iteration: 3215
last_update_iteration: 136
current_time: 60.015s
last_update_time: 2.46515s
largest_iteration_offset: 75
stalled_iterations: 3079
path_relink_time: 0s
num_path_relink_calls: 0
num_homogenities: 0
num_best_improvements: 0
num_elite_improvements: 0
num_exchanges: 0
num_shakes: 0
num_resets: 0
