Custom stopping criteria not supplied by the user. Using max. time = 15s and max. stall_offset = 0
Using 1 threads for decoding
initialization time: 0.0557239
best warm start solution: 940.893
TSP tour:
0 5 19 46 45 12 13 4 31 39 49 2 69 38 3 44 65 60 25 32 66 57 55 50 41 71 16 7 42 22 14 58 30 63 74 64 21 28 36 24 73 59 52 33 43 27 47 6 56 26 8 53 40 37 68 35 18 29 15 72 51 70 10 1 23 34 48 20 17 9 54 61 62 11 67 
Operations:
0,19,12|12,13,31|31,39,49|49,2,69|69,38,3|3,44,65|65,32,57|57,55,41|41,16,7|7,74,21|21,28,36|36,24,73|73,59,43|43,27,47|47,6,56|56,26,8|8,53,40|40,37,68|37,68,35|35,18,29|29,15,72|72,10,1|1,34,17|17,9,54|54,61,11|11,67,0|
method: def_initPop
seed: 1764168
Instance: 1
best_fitness: 791.972
current_iteration: 688
last_update_iteration: 414
current_time: 15.0094s
last_update_time: 8.97727s
largest_iteration_offset: 89
stalled_iterations: 274
path_relink_time: 0s
num_path_relink_calls: 0
num_homogenities: 0
num_best_improvements: 0
num_elite_improvements: 0
num_exchanges: 0
num_shakes: 0
num_resets: 0
