Custom stopping criteria not supplied by the user. Using max. time = 60s and max. stall_offset = 0
Using 1 threads for decoding
initialization time: 0.0337236
best warm start solution: 918.552
TSP tour:
0 10 3 40 49 27 5 35 21 4 36 28 1 17 13 8 23 39 41 47 25 48 2 19 43 11 18 33 44 46 24 9 7 42 34 38 31 6 32 15 22 45 16 26 14 29 30 37 12 20 
Operations:
0,35,17|17,13,19|19,43,24|24,31,6|6,26,14|14,37,0|
method: def_initPop
seed: 7515072
Instance: 1
best_fitness: 887.15
current_iteration: 2972
last_update_iteration: 491
current_time: 60.0101s
last_update_time: 9.82497s
largest_iteration_offset: 197
stalled_iterations: 2481
path_relink_time: 0s
num_path_relink_calls: 0
num_homogenities: 0
num_best_improvements: 0
num_elite_improvements: 0
num_exchanges: 0
num_shakes: 0
num_resets: 0
