Custom stopping criteria not supplied by the user. Using max. time = 15s and max. stall_offset = 0
Using 1 threads for decoding
initialization time: 0.0378896
best warm start solution: 1022.52
TSP tour:
0 40 38 11 41 54 4 8 6 39 47 63 5 51 23 73 42 3 52 31 26 35 74 53 21 71 44 36 28 57 10 29 13 1 20 17 68 60 62 65 12 14 55 9 58 64 66 19 30 61 72 34 48 50 56 25 45 16 49 43 67 70 24 37 59 33 18 2 27 7 69 32 22 46 15 
Operations:
0,40,38|38,11,54|54,4,8|8,6,39|39,47,5|5,23,73|73,42,3|3,52,26|26,74,21|21,71,44|44,36,28|28,57,1|1,17,68|68,60,62|62,65,55|55,9,58|58,64,66|66,19,30|30,61,72|72,34,48|48,50,56|56,25,45|45,16,49|49,43,70|70,37,59|59,33,18|18,2,27|27,7,69|69,32,22|22,46,0|
method: def_initPop
seed: 7515072
Instance: 1
best_fitness: 801.03
current_iteration: 716
last_update_iteration: 446
current_time: 15.0111s
last_update_time: 9.27983s
largest_iteration_offset: 116
stalled_iterations: 270
path_relink_time: 0s
num_path_relink_calls: 0
num_homogenities: 0
num_best_improvements: 0
num_elite_improvements: 0
num_exchanges: 0
num_shakes: 0
num_resets: 0
