Custom stopping criteria not supplied by the user. Using max. time = 15s and max. stall_offset = 0
Using 1 threads for decoding
initialization time: 0.0301635
best warm start solution: 913.106
TSP tour:
0 8 34 41 24 38 18 40 5 6 43 46 1 20 16 9 15 3 48 47 45 27 12 49 31 13 30 10 29 2 14 26 4 35 39 22 17 21 7 19 28 37 44 42 11 25 23 32 33 36 
Operations:
0,8,34|8,34,41|41,24,38|38,18,40|40,6,1|1,20,9|9,15,48|48,47,45|45,27,13|13,30,29|29,2,14|14,26,4|4,35,22|22,7,19|19,28,37|37,44,11|11,23,32|32,36,0|
method: def_initPop
seed: 7515072
Instance: 1
best_fitness: 782.123
current_iteration: 1187
last_update_iteration: 121
current_time: 15.0117s
last_update_time: 1.50921s
largest_iteration_offset: 24
stalled_iterations: 1066
path_relink_time: 0s
num_path_relink_calls: 0
num_homogenities: 0
num_best_improvements: 0
num_elite_improvements: 0
num_exchanges: 0
num_shakes: 0
num_resets: 0
