Custom stopping criteria not supplied by the user. Using max. time = 15s and max. stall_offset = 0
Using 1 threads for decoding
initialization time: 0.0468656
best warm start solution: 551.835
TSP tour:
0 19 49 33 11 38 51 41 34 45 50 58 74 46 22 31 63 40 7 9 42 39 17 13 60 3 54 26 36 15 65 6 30 72 12 8 20 43 64 61 69 1 5 14 68 25 59 24 4 27 71 2 66 70 23 56 21 67 28 62 32 57 35 29 18 52 37 44 16 47 73 53 48 55 10 
Operations:
0,19,49|49,33,11|33,11,38|38,51,41|41,34,50|50,58,74|74,46,9|9,42,39|39,17,13|13,60,54|54,26,36|36,15,65|65,6,30|30,72,12|72,8,20|20,43,64|64,61,1|1,14,68|68,59,24|24,4,27|27,71,2|2,66,70|70,23,56|56,21,67|67,28,62|62,32,57|32,35,29|29,52,37|37,44,16|16,47,73|73,53,48|48,10,0|
method: def_initPop
seed: 1764168
Instance: 1
best_fitness: 507.153
current_iteration: 706
last_update_iteration: 327
current_time: 15.009s
last_update_time: 6.90771s
largest_iteration_offset: 105
stalled_iterations: 379
path_relink_time: 0s
num_path_relink_calls: 0
num_homogenities: 0
num_best_improvements: 0
num_elite_improvements: 0
num_exchanges: 0
num_shakes: 0
num_resets: 0
