Custom stopping criteria not supplied by the user. Using max. time = 15s and max. stall_offset = 0
Using 1 threads for decoding
initialization time: 0.102029
best warm start solution: 1434.71
TSP tour:
0 37 6 17 82 2 71 35 13 19 87 88 28 40 22 61 72 98 92 93 16 44 96 29 68 47 9 63 66 43 48 51 67 75 49 30 86 21 85 80 23 38 70 95 5 32 59 27 60 55 83 91 34 54 77 33 12 1 73 79 65 26 4 76 42 31 90 58 24 94 74 99 10 62 45 50 89 52 78 14 15 56 11 97 53 57 46 25 64 69 39 8 18 3 7 20 84 36 41 81 
Operations:
0,2,71|71,13,88|88,28,61|61,93,16|16,44,47|47,43,85|85,38,70|70,34,79|79,4,58|58,74,99|99,56,11|11,97,84|84,41,0|
method: def_initPop
seed: 297720
Instance: 1
best_fitness: 1335.42
current_iteration: 291
last_update_iteration: 173
current_time: 15.0514s
last_update_time: 8.72365s
largest_iteration_offset: 71
stalled_iterations: 118
path_relink_time: 0s
num_path_relink_calls: 0
num_homogenities: 0
num_best_improvements: 0
num_elite_improvements: 0
num_exchanges: 0
num_shakes: 0
num_resets: 0
