Custom stopping criteria not supplied by the user. Using max. time = 15s and max. stall_offset = 0
Using 1 threads for decoding
initialization time: 0.0974411
best warm start solution: 506.624
TSP tour:
0 1 49 61 40 50 7 38 45 8 53 32 5 60 27 9 15 35 42 47 55 18 57 22 31 4 48 37 68 72 30 44 25 39 17 51 41 58 65 69 70 64 19 73 20 56 46 26 23 29 3 13 6 59 74 14 43 24 66 16 33 54 52 11 67 2 10 21 28 63 34 12 62 71 36 
Operations:
0,1,49|49,61,40|40,50,7|7,38,45|45,53,32|32,5,60|60,9,15|15,35,47|47,55,18|18,57,22|22,31,4|4,48,68|68,72,39|39,17,51|51,41,58|58,65,69|69,70,64|64,19,73|73,20,46|46,26,23|23,29,3|3,13,6|6,59,74|74,14,66|66,16,33|33,54,52|52,11,67|67,10,21|21,28,63|63,34,62|62,71,36|36,-1,0|
method: def_initPop
seed: 7515072
Instance: 1
best_fitness: 416.788
current_iteration: 783
last_update_iteration: 166
current_time: 15.0186s
last_update_time: 3.14363s
largest_iteration_offset: 48
stalled_iterations: 617
path_relink_time: 0s
num_path_relink_calls: 0
num_homogenities: 0
num_best_improvements: 0
num_elite_improvements: 0
num_exchanges: 0
num_shakes: 0
num_resets: 0
