Custom stopping criteria not supplied by the user. Using max. time = 15s and max. stall_offset = 0
Using 1 threads for decoding
initialization time: 0.0073515
best warm start solution: 435.049
TSP tour:
0 41 14 36 31 46 47 23 16 28 34 30 4 35 38 2 37 48 12 9 5 42 32 19 11 49 20 26 21 13 6 29 10 45 27 22 40 3 43 39 18 8 44 33 7 17 24 15 25 1 
Operations:
0,41,14|14,36,31|31,46,47|47,23,16|16,28,34|34,30,4|4,38,48|48,12,9|9,5,42|42,32,19|19,11,20|20,21,13|13,29,10|10,27,40|40,43,39|39,18,8|8,44,7|7,17,24|24,15,25|15,25,1|1,-1,0|
method: def_initPop
seed: 2700001
Instance: 1
best_fitness: 396.62
current_iteration: 1673
last_update_iteration: 116
current_time: 15.0098s
last_update_time: 1.10365s
largest_iteration_offset: 47
stalled_iterations: 1557
path_relink_time: 0s
num_path_relink_calls: 0
num_homogenities: 0
num_best_improvements: 0
num_elite_improvements: 0
num_exchanges: 0
num_shakes: 0
num_resets: 0
