Custom stopping criteria not supplied by the user. Using max. time = 60s and max. stall_offset = 0
Using 1 threads for decoding
initialization time: 0.0145452
best warm start solution: 913.106
TSP tour:
0 8 34 41 24 38 18 40 6 5 43 46 1 20 16 9 47 3 48 15 12 45 49 27 31 13 10 29 35 14 2 26 23 4 39 22 17 7 21 19 44 37 28 42 11 25 30 32 36 33 
Operations:
0,-1,8|8,34,41|41,24,38|38,18,40|40,6,1|1,20,16|16,47,48|48,15,12|12,45,49|49,27,10|10,35,14|14,2,26|26,23,39|39,7,21|21,44,37|37,28,42|42,30,32|32,36,0|
method: def_initPop
seed: 8434820
Instance: 1
best_fitness: 777.386
current_iteration: 7122
last_update_iteration: 123
current_time: 60.0036s
last_update_time: 1.03364s
largest_iteration_offset: 20
stalled_iterations: 6999
path_relink_time: 0s
num_path_relink_calls: 0
num_homogenities: 0
num_best_improvements: 0
num_elite_improvements: 0
num_exchanges: 0
num_shakes: 0
num_resets: 0
