Custom stopping criteria not supplied by the user. Using max. time = 60s and max. stall_offset = 0
Using 1 threads for decoding
initialization time: 0.0154936
best warm start solution: 582.044
TSP tour:
0 49 31 7 15 22 47 12 25 28 8 18 43 38 30 27 39 16 17 42 4 40 24 21 5 33 6 2 29 10 41 3 13 37 48 44 1 23 36 26 46 34 9 11 14 35 45 32 20 19 
Operations:
0,-1,49|49,47,18|18,43,42|42,5,2|2,26,14|14,-1,35|35,45,0|
method: def_initPop
seed: 2700001
Instance: 1
best_fitness: 567.54
current_iteration: 4180
last_update_iteration: 552
current_time: 60.0151s
last_update_time: 7.86382s
largest_iteration_offset: 218
stalled_iterations: 3628
path_relink_time: 0s
num_path_relink_calls: 0
num_homogenities: 0
num_best_improvements: 0
num_elite_improvements: 0
num_exchanges: 0
num_shakes: 0
num_resets: 0
