Custom stopping criteria not supplied by the user. Using max. time = 15s and max. stall_offset = 0
Using 1 threads for decoding
initialization time: 0.0615059
best warm start solution: 1007.85
TSP tour:
0 26 17 40 53 11 35 67 31 28 49 9 25 39 32 74 34 58 20 27 64 36 52 60 45 29 24 7 43 47 70 73 14 2 72 6 41 55 4 56 8 54 69 19 1 5 22 61 3 21 38 57 51 65 63 37 15 62 48 30 68 23 50 44 16 71 18 33 66 42 10 46 59 13 12 
Operations:
0,26,17|17,53,11|11,35,67|67,31,28|28,49,9|9,25,32|32,58,20|20,27,64|64,36,52|52,29,24|24,7,43|43,47,70|70,73,14|14,2,72|72,6,55|55,4,56|56,8,69|69,1,5|5,3,21|21,38,57|57,51,65|65,63,15|15,62,48|48,30,68|68,23,50|50,44,16|16,71,18|18,33,66|66,10,46|46,59,13|13,12,0|
method: def_initPop
seed: 7515072
Instance: 1
best_fitness: 867.125
current_iteration: 710
last_update_iteration: 364
current_time: 15.0001s
last_update_time: 7.67587s
largest_iteration_offset: 210
stalled_iterations: 346
path_relink_time: 0s
num_path_relink_calls: 0
num_homogenities: 0
num_best_improvements: 0
num_elite_improvements: 0
num_exchanges: 0
num_shakes: 0
num_resets: 0
