Custom stopping criteria not supplied by the user. Using max. time = 30s and max. stall_offset = 0
Using 1 threads for decoding
initialization time: 0.0368158
best warm start solution: 487.952
TSP tour:
0 45 49 31 7 26 15 22 12 28 25 8 43 30 38 27 39 18 16 42 17 4 33 24 21 40 6 41 3 10 13 37 48 44 2 1 23 5 47 36 46 9 34 11 14 35 32 20 19 29 
Operations:
0,26,22|22,28,25|25,43,38|38,18,16|16,42,4|4,33,21|21,6,10|10,2,23|23,47,9|9,34,35|35,29,0|
method: def_initPop
seed: 1764168
Instance: 1
best_fitness: 441.554
current_iteration: 2135
last_update_iteration: 392
current_time: 30.006s
last_update_time: 5.47651s
largest_iteration_offset: 243
stalled_iterations: 1743
path_relink_time: 0s
num_path_relink_calls: 0
num_homogenities: 0
num_best_improvements: 0
num_elite_improvements: 0
num_exchanges: 0
num_shakes: 0
num_resets: 0
