Custom stopping criteria not supplied by the user. Using max. time = 30s and max. stall_offset = 0
Using 1 threads for decoding
initialization time: 0.0370089
best warm start solution: 487.952
TSP tour:
0 49 31 26 7 15 22 28 12 25 8 27 18 38 30 39 16 17 43 4 40 24 21 33 6 2 29 10 41 3 13 37 48 44 1 42 23 5 36 47 46 9 34 11 14 35 32 20 45 19 
Operations:
0,26,22|22,28,25|25,8,27|27,18,39|39,43,44|44,42,23|23,47,9|9,34,35|35,32,20|20,45,0|
method: def_initPop
seed: 2700001
Instance: 1
best_fitness: 435.119
current_iteration: 2147
last_update_iteration: 127
current_time: 30.0135s
last_update_time: 1.73861s
largest_iteration_offset: 47
stalled_iterations: 2020
path_relink_time: 0s
num_path_relink_calls: 0
num_homogenities: 0
num_best_improvements: 0
num_elite_improvements: 0
num_exchanges: 0
num_shakes: 0
num_resets: 0
