Custom stopping criteria not supplied by the user. Using max. time = 60s and max. stall_offset = 0
Using 1 threads for decoding
initialization time: 0.109788
best warm start solution: 713.314
TSP tour:
0 23 60 63 8 62 16 3 19 4 70 29 9 69 24 73 28 1 41 67 18 44 49 38 61 50 46 31 43 55 65 10 51 47 54 27 40 5 14 52 45 53 21 34 68 22 58 37 30 26 56 64 7 36 25 42 17 39 2 59 11 20 6 74 33 35 15 57 48 72 12 13 71 66 32 
Operations:
0,60,63|63,8,62|62,16,3|3,70,29|29,9,69|69,24,73|73,28,41|41,44,38|38,61,31|31,43,55|55,-1,65|65,10,27|27,40,5|5,45,53|53,21,34|34,68,58|58,37,25|25,2,11|11,20,6|6,33,35|35,15,57|57,48,72|72,12,13|13,71,66|66,32,0|
method: def_initPop
seed: 7515072
Instance: 1
best_fitness: 637.592
current_iteration: 3686
last_update_iteration: 407
current_time: 60.0024s
last_update_time: 6.66391s
largest_iteration_offset: 145
stalled_iterations: 3279
path_relink_time: 0s
num_path_relink_calls: 0
num_homogenities: 0
num_best_improvements: 0
num_elite_improvements: 0
num_exchanges: 0
num_shakes: 0
num_resets: 0
