Custom stopping criteria not supplied by the user. Using max. time = 15s and max. stall_offset = 0
Using 1 threads for decoding
initialization time: 0.0698478
best warm start solution: 1437.42
TSP tour:
0 44 29 39 51 87 15 45 85 10 77 22 12 14 97 17 46 90 30 79 95 25 33 53 59 18 55 49 64 2 42 8 40 71 94 16 76 65 35 88 56 86 32 58 36 43 37 6 54 92 47 73 74 7 75 41 82 80 19 52 83 60 3 81 9 4 13 27 78 20 99 34 50 98 68 57 62 63 84 28 72 48 89 38 93 61 91 21 70 96 11 23 1 66 24 69 67 31 26 5 
Operations:
0,51,45|45,85,22|22,12,30|30,79,55|55,58,92|92,73,19|19,60,3|3,72,61|61,21,67|67,31,0|
method: def_initPop
seed: 297720
Instance: 1
best_fitness: 1423.61
current_iteration: 276
last_update_iteration: 154
current_time: 15.0215s
last_update_time: 8.07893s
largest_iteration_offset: 102
stalled_iterations: 122
path_relink_time: 0s
num_path_relink_calls: 0
num_homogenities: 0
num_best_improvements: 0
num_elite_improvements: 0
num_exchanges: 0
num_shakes: 0
num_resets: 0
