Custom stopping criteria not supplied by the user. Using max. time = 15s and max. stall_offset = 0
Using 1 threads for decoding
initialization time: 0.0215773
best warm start solution: 494.29
TSP tour:
0 23 64 40 69 58 66 32 29 59 22 27 54 24 72 3 67 55 20 2 45 48 50 10 35 73 46 53 61 39 36 37 16 41 5 18 52 47 38 26 44 33 70 11 56 9 30 14 71 8 15 6 31 68 7 62 34 28 43 1 12 65 60 42 57 4 74 25 13 49 19 51 17 63 21 
Operations:
0,23,64|64,40,69|69,58,32|32,27,54|54,24,72|72,67,55|55,2,45|45,48,50|50,10,35|35,73,46|46,61,39|39,36,37|37,16,41|41,18,52|52,47,38|38,26,44|44,33,70|70,11,56|56,9,30|30,14,71|71,15,6|6,68,62|62,34,28|28,1,12|12,65,60|60,42,4|4,74,25|25,13,49|49,19,51|51,17,63|63,21,0|
method: def_initPop
seed: 297720
Instance: 1
best_fitness: 444.018
current_iteration: 684
last_update_iteration: 274
current_time: 15.0077s
last_update_time: 5.90177s
largest_iteration_offset: 62
stalled_iterations: 410
path_relink_time: 0s
num_path_relink_calls: 0
num_homogenities: 0
num_best_improvements: 0
num_elite_improvements: 0
num_exchanges: 0
num_shakes: 0
num_resets: 0
