Custom stopping criteria not supplied by the user. Using max. time = 30s and max. stall_offset = 0
Using 1 threads for decoding
initialization time: 0.0287773
best warm start solution: 843.486
TSP tour:
0 10 13 34 26 29 19 33 27 44 14 32 17 28 39 16 18 36 25 35 43 5 30 37 9 42 38 12 2 41 31 45 20 15 23 46 49 48 4 24 1 40 3 47 21 7 8 22 11 6 
Operations:
0,10,13|13,34,26|26,29,19|19,33,27|27,44,14|14,32,17|17,28,39|39,18,36|36,25,35|35,43,5|43,5,30|30,37,9|9,42,38|38,12,2|2,41,31|31,20,23|23,46,49|49,48,4|4,1,40|40,3,47|47,7,8|8,22,11|11,6,0|
method: def_initPop
seed: 2700001
Instance: 1
best_fitness: 736.028
current_iteration: 2408
last_update_iteration: 574
current_time: 30.0081s
last_update_time: 7.17538s
largest_iteration_offset: 191
stalled_iterations: 1834
path_relink_time: 0s
num_path_relink_calls: 0
num_homogenities: 0
num_best_improvements: 0
num_elite_improvements: 0
num_exchanges: 0
num_shakes: 0
num_resets: 0
