Custom stopping criteria not supplied by the user. Using max. time = 60s and max. stall_offset = 0
Using 1 threads for decoding
initialization time: 0.0307395
best warm start solution: 1084.42
TSP tour:
0 33 24 18 40 47 15 41 35 14 38 19 32 48 3 44 45 5 28 30 21 46 10 42 13 11 23 20 27 26 34 7 12 1 2 39 16 17 49 4 25 37 6 9 22 31 36 29 43 8 
Operations:
0,40,41|41,14,19|19,48,45|45,28,27|27,7,12|12,2,39|39,16,25|25,22,0|
method: def_initPop
seed: 2700001
Instance: 1
best_fitness: 1057.97
current_iteration: 2951
last_update_iteration: 408
current_time: 60.0112s
last_update_time: 8.25617s
largest_iteration_offset: 313
stalled_iterations: 2543
path_relink_time: 0s
num_path_relink_calls: 0
num_homogenities: 0
num_best_improvements: 0
num_elite_improvements: 0
num_exchanges: 0
num_shakes: 0
num_resets: 0
