Custom stopping criteria not supplied by the user. Using max. time = 60s and max. stall_offset = 0
Using 1 threads for decoding
initialization time: 0.0375335
best warm start solution: 1085.32
TSP tour:
0 54 50 15 27 6 49 66 55 32 29 26 64 30 24 52 31 23 58 39 57 37 17 5 68 19 48 60 40 13 70 59 20 62 42 46 33 63 25 41 21 44 69 36 71 4 65 61 56 9 28 7 11 51 67 18 35 45 73 1 53 14 22 72 38 3 47 12 8 2 10 34 16 43 74 
Operations:
0,-1,54|54,50,15|15,27,6|6,66,55|55,29,64|64,30,24|24,52,31|31,23,17|17,19,60|60,40,70|70,59,20|20,62,46|46,25,41|41,44,69|69,36,71|71,4,65|65,11,1|1,14,22|22,72,47|47,12,2|2,34,0|
method: def_initPop
seed: 7515072
Instance: 1
best_fitness: 952.299
current_iteration: 3537
last_update_iteration: 367
current_time: 60.0186s
last_update_time: 6.24141s
largest_iteration_offset: 99
stalled_iterations: 3170
path_relink_time: 0s
num_path_relink_calls: 0
num_homogenities: 0
num_best_improvements: 0
num_elite_improvements: 0
num_exchanges: 0
num_shakes: 0
num_resets: 0
