Custom stopping criteria not supplied by the user. Using max. time = 15s and max. stall_offset = 0
Using 1 threads for decoding
initialization time: 0.0687877
best warm start solution: 1097.2
TSP tour:
0 77 76 63 24 96 33 56 16 69 15 35 45 89 34 55 44 54 74 86 64 58 91 60 11 38 94 66 2 43 14 36 50 53 71 82 6 49 73 79 39 19 25 1 28 17 47 61 4 37 7 20 80 99 10 31 48 30 57 32 51 85 9 65 84 13 97 62 59 92 70 87 81 12 88 78 90 75 3 41 8 95 83 5 27 40 98 22 72 18 67 52 21 68 26 23 29 46 93 42 
Operations:
0,77,76|77,76,63|63,24,96|96,33,56|56,35,45|45,89,34|34,55,44|44,54,74|74,58,91|91,60,11|11,38,66|66,2,43|43,36,50|50,71,6|6,73,79|79,39,19|19,1,17|17,47,61|61,4,37|37,7,80|80,10,31|31,48,30|30,57,32|32,51,9|9,65,84|84,13,97|97,62,92|92,70,87|87,81,12|12,88,78|78,90,75|75,3,8|8,83,27|27,98,22|22,67,21|21,68,26|26,23,29|29,46,0|
method: def_initPop
seed: 8434820
Instance: 1
best_fitness: 861.788
current_iteration: 598
last_update_iteration: 335
current_time: 15.0085s
last_update_time: 8.36517s
largest_iteration_offset: 112
stalled_iterations: 263
path_relink_time: 0s
num_path_relink_calls: 0
num_homogenities: 0
num_best_improvements: 0
num_elite_improvements: 0
num_exchanges: 0
num_shakes: 0
num_resets: 0
