Custom stopping criteria not supplied by the user. Using max. time = 30s and max. stall_offset = 0
Using 1 threads for decoding
initialization time: 0.116418
best warm start solution: 1223.13
TSP tour:
0 62 53 39 64 18 30 25 31 21 14 5 51 72 56 27 11 70 33 20 40 63 38 66 49 16 67 65 60 29 26 37 2 3 47 12 61 6 9 34 69 68 32 22 24 36 17 52 28 74 7 42 4 57 48 41 59 45 55 15 1 8 13 10 44 50 35 73 54 19 58 43 71 23 46 
Operations:
0,62,53|53,39,64|64,18,30|30,25,31|31,21,14|14,5,56|56,63,66|66,29,26|26,2,12|12,61,9|9,34,32|32,22,24|24,36,17|36,17,52|52,74,7|7,42,45|45,15,1|1,8,13|13,10,44|44,19,58|58,43,71|71,23,0|
method: def_initPop
seed: 297720
Instance: 1
best_fitness: 1080.21
current_iteration: 1277
last_update_iteration: 390
current_time: 30.0059s
last_update_time: 9.04246s
largest_iteration_offset: 119
stalled_iterations: 887
path_relink_time: 0s
num_path_relink_calls: 0
num_homogenities: 0
num_best_improvements: 0
num_elite_improvements: 0
num_exchanges: 0
num_shakes: 0
num_resets: 0
