Custom stopping criteria not supplied by the user. Using max. time = 30s and max. stall_offset = 0
Using 1 threads for decoding
initialization time: 0.109103
best warm start solution: 1223.13
TSP tour:
0 42 53 39 74 64 18 30 25 31 14 21 72 51 56 27 70 11 33 20 40 38 63 66 49 16 5 67 65 60 29 26 37 2 3 47 12 61 6 69 9 68 32 34 22 24 36 52 17 28 7 4 57 15 48 59 41 55 62 45 1 13 44 50 35 73 10 19 54 8 58 43 71 23 46 
Operations:
0,42,53|53,74,64|64,18,30|30,25,31|31,21,72|72,51,27|27,70,11|11,33,20|20,63,5|5,29,26|26,2,12|12,61,69|69,9,32|32,34,52|52,17,28|28,7,4|4,15,48|48,62,45|45,1,13|13,19,54|54,8,58|58,43,71|71,23,0|
method: def_initPop
seed: 8434820
Instance: 1
best_fitness: 1068.44
current_iteration: 1264
last_update_iteration: 234
current_time: 30.0196s
last_update_time: 5.42634s
largest_iteration_offset: 93
stalled_iterations: 1030
path_relink_time: 0s
num_path_relink_calls: 0
num_homogenities: 0
num_best_improvements: 0
num_elite_improvements: 0
num_exchanges: 0
num_shakes: 0
num_resets: 0
