Custom stopping criteria not supplied by the user. Using max. time = 30s and max. stall_offset = 0
Using 1 threads for decoding
initialization time: 0.0341089
best warm start solution: 600.709
TSP tour:
0 53 16 61 45 9 37 36 3 43 17 70 18 11 35 51 66 74 30 69 38 60 55 26 28 40 63 58 50 24 71 72 54 22 8 27 47 19 1 59 49 34 52 20 64 65 29 5 14 42 23 48 73 2 31 56 44 13 39 67 57 62 12 15 46 7 68 33 41 4 32 10 6 25 21 
Operations:
0,45,37|37,11,66|66,74,60|60,40,58|58,50,47|47,1,64|64,65,42|42,48,73|73,12,15|15,46,0|
method: def_initPop
seed: 297720
Instance: 1
best_fitness: 572.328
current_iteration: 794
last_update_iteration: 162
current_time: 30.022s
last_update_time: 5.93391s
largest_iteration_offset: 66
stalled_iterations: 632
path_relink_time: 0s
num_path_relink_calls: 0
num_homogenities: 0
num_best_improvements: 0
num_elite_improvements: 0
num_exchanges: 0
num_shakes: 0
num_resets: 0
