Custom stopping criteria not supplied by the user. Using max. time = 240s and max. stall_offset = 0
Using 1 threads for decoding
initialization time: 0.0617086
best warm start solution: 465.195
TSP tour:
0 43 38 13 68 44 21 6 25 8 69 56 9 54 42 52 67 28 59 5 17 32 39 47 31 45 73 7 46 37 34 65 66 20 62 23 55 57 1 64 22 27 70 58 41 71 35 11 74 26 61 72 12 10 18 50 36 33 30 49 40 19 53 63 24 16 14 48 4 51 2 29 60 3 15 
Operations:
0,38,13|13,68,44|44,21,6|6,25,8|8,69,56|69,56,9|9,54,42|42,52,67|67,28,59|59,5,17|17,32,39|39,47,31|31,73,7|7,37,34|34,65,66|66,20,62|20,62,23|23,55,57|57,1,64|64,22,27|27,70,58|58,41,35|35,74,26|26,61,72|72,12,10|10,18,36|36,33,30|33,30,49|49,40,19|19,53,63|63,24,16|16,14,51|51,2,29|29,60,3|3,15,0|
method: def_initPop
seed: 7515072
Instance: 1
best_fitness: 417.412
current_iteration: 12565
last_update_iteration: 180
current_time: 240.001s
last_update_time: 3.39022s
largest_iteration_offset: 70
stalled_iterations: 12385
path_relink_time: 0s
num_path_relink_calls: 0
num_homogenities: 0
num_best_improvements: 0
num_elite_improvements: 0
num_exchanges: 0
num_shakes: 0
num_resets: 0
