Custom stopping criteria not supplied by the user. Using max. time = 240s and max. stall_offset = 0
Using 1 threads for decoding
initialization time: 0.0297323
best warm start solution: 485.717
TSP tour:
0 10 29 6 2 49 7 31 15 22 26 12 25 28 8 43 38 30 18 39 16 17 27 24 21 33 40 4 41 3 13 37 48 44 42 1 23 5 34 36 46 47 32 14 11 9 35 45 20 19 
Operations:
0,10,29|29,6,2|2,49,7|7,31,15|15,26,25|25,28,8|8,43,38|38,18,16|16,27,24|24,33,40|40,4,41|41,3,13|3,42,1|1,34,36|36,47,11|11,9,0|
method: def_initPop
seed: 2700001
Instance: 1
best_fitness: 364.835
current_iteration: 19502
last_update_iteration: 241
current_time: 240s
last_update_time: 2.96987s
largest_iteration_offset: 41
stalled_iterations: 19261
path_relink_time: 0s
num_path_relink_calls: 0
num_homogenities: 0
num_best_improvements: 0
num_elite_improvements: 0
num_exchanges: 0
num_shakes: 0
num_resets: 0
