Custom stopping criteria not supplied by the user. Using max. time = 60s and max. stall_offset = 0
Using 1 threads for decoding
initialization time: 0.0162722
best warm start solution: 588.536
TSP tour:
0 34 12 59 67 70 50 22 36 62 52 24 7 69 31 2 74 33 55 57 27 10 25 72 15 16 60 20 19 58 3 18 48 68 41 44 73 45 9 29 23 14 28 8 54 30 6 1 65 63 51 38 42 47 5 53 13 49 26 66 39 17 11 37 40 64 4 35 71 61 56 43 32 21 46 
Operations:
0,59,50|50,7,31|31,33,57|57,10,15|15,19,58|58,44,73|73,9,14|14,8,65|65,42,47|47,53,11|11,40,4|4,61,0|
method: def_initPop
seed: 2700001
Instance: 1
best_fitness: 579.608
current_iteration: 2189
last_update_iteration: 156
current_time: 60.0202s
last_update_time: 4.12833s
largest_iteration_offset: 86
stalled_iterations: 2033
path_relink_time: 0s
num_path_relink_calls: 0
num_homogenities: 0
num_best_improvements: 0
num_elite_improvements: 0
num_exchanges: 0
num_shakes: 0
num_resets: 0
