Custom stopping criteria not supplied by the user. Using max. time = 60s and max. stall_offset = 0
Using 1 threads for decoding
initialization time: 0.0143168
best warm start solution: 588.536
TSP tour:
0 34 12 59 15 16 60 20 58 3 18 48 68 44 41 73 45 29 23 14 9 28 54 30 8 65 6 1 7 31 69 2 19 74 55 57 27 10 25 72 67 70 50 22 36 62 52 24 63 33 42 38 51 47 5 13 49 53 26 66 39 40 17 11 37 64 4 35 71 56 61 43 32 21 46 
Operations:
0,12,59|59,15,20|20,44,41|41,73,23|23,9,54|54,8,1|1,19,55|55,10,25|25,63,42|42,53,26|26,17,11|11,64,4|4,61,0|
method: def_initPop
seed: 8434820
Instance: 1
best_fitness: 584.388
current_iteration: 2192
last_update_iteration: 106
current_time: 60.0014s
last_update_time: 2.71549s
largest_iteration_offset: 97
stalled_iterations: 2086
path_relink_time: 0s
num_path_relink_calls: 0
num_homogenities: 0
num_best_improvements: 0
num_elite_improvements: 0
num_exchanges: 0
num_shakes: 0
num_resets: 0
