Custom stopping criteria not supplied by the user. Using max. time = 60s and max. stall_offset = 0
Using 1 threads for decoding
initialization time: 0.0259174
best warm start solution: 918.552
TSP tour:
0 4 21 27 40 3 49 5 28 36 1 35 17 8 23 13 39 41 47 20 12 25 19 2 43 11 24 18 33 44 46 9 34 7 42 38 6 32 31 15 22 45 16 26 29 14 48 30 37 10 
Operations:
0,35,17|17,13,19|19,43,46|46,-1,9|9,34,38|38,26,29|29,14,0|
method: def_initPop
seed: 297720
Instance: 1
best_fitness: 905.911
current_iteration: 4291
last_update_iteration: 74
current_time: 60.0039s
last_update_time: 0.941246s
largest_iteration_offset: 58
stalled_iterations: 4217
path_relink_time: 0s
num_path_relink_calls: 0
num_homogenities: 0
num_best_improvements: 0
num_elite_improvements: 0
num_exchanges: 0
num_shakes: 0
num_resets: 0
