Custom stopping criteria not supplied by the user. Using max. time = 15s and max. stall_offset = 0
Using 1 threads for decoding
initialization time: 0.0158147
best warm start solution: 523.367
TSP tour:
0 4 13 45 3 43 31 18 23 16 39 48 12 19 2 1 46 36 9 10 5 6 24 11 27 14 17 20 40 41 34 28 37 44 25 42 26 7 35 47 29 30 33 8 15 49 21 38 22 32 
Operations:
0,45,3|3,43,16|16,19,2|2,10,6|1,6,24|24,11,41|41,34,7|7,29,33|33,49,38|38,32,0|
method: def_initPop
seed: 2700001
Instance: 1
best_fitness: 506.726
current_iteration: 817
last_update_iteration: 95
current_time: 15.0075s
last_update_time: 1.71907s
largest_iteration_offset: 64
stalled_iterations: 722
path_relink_time: 0s
num_path_relink_calls: 0
num_homogenities: 0
num_best_improvements: 0
num_elite_improvements: 0
num_exchanges: 0
num_shakes: 0
num_resets: 0
