Custom stopping criteria not supplied by the user. Using max. time = 15s and max. stall_offset = 0
Using 1 threads for decoding
initialization time: 0.0449971
best warm start solution: 487.641
TSP tour:
0 13 56 12 70 24 49 47 53 33 71 30 26 45 73 50 65 6 46 27 39 44 63 21 3 5 16 74 18 38 32 1 15 51 11 57 41 43 35 34 17 72 66 48 60 8 42 69 54 2 40 68 20 19 31 67 59 61 9 10 64 29 36 4 58 22 23 55 7 37 14 28 62 52 25 
Operations:
0,13,56|56,12,24|24,47,53|53,71,30|30,26,73|73,50,6|6,27,39|39,63,21|21,16,74|74,18,38|18,38,32|32,1,15|15,51,11|11,57,41|41,43,35|35,34,17|17,72,66|66,48,60|60,8,42|42,69,54|54,2,40|40,68,20|20,19,31|19,31,67|67,61,9|9,10,64|64,29,36|36,4,58|58,22,23|23,55,7|7,14,28|28,62,52|52,25,0|
method: def_initPop
seed: 7515072
Instance: 1
best_fitness: 450.676
current_iteration: 696
last_update_iteration: 264
current_time: 15.0222s
last_update_time: 5.65228s
largest_iteration_offset: 126
stalled_iterations: 432
path_relink_time: 0s
num_path_relink_calls: 0
num_homogenities: 0
num_best_improvements: 0
num_elite_improvements: 0
num_exchanges: 0
num_shakes: 0
num_resets: 0
