Custom stopping criteria not supplied by the user. Using max. time = 120s and max. stall_offset = 0
Using 1 threads for decoding
initialization time: 0.0279994
best warm start solution: 622.681
TSP tour:
0 10 12 29 21 27 16 17 34 37 33 35 22 45 6 49 47 43 25 9 1 13 38 5 20 2 32 28 19 24 3 42 8 36 14 30 23 44 26 15 31 18 11 39 7 40 41 4 46 48 
Operations:
0,10,29|29,21,27|27,16,17|17,34,37|37,33,35|35,22,45|45,6,43|43,25,9|9,13,38|38,5,20|20,2,28|28,8,36|36,14,30|30,23,26|26,15,31|31,18,4|4,48,0|
method: def_initPop
seed: 2700001
Instance: 1
best_fitness: 465.845
current_iteration: 9745
last_update_iteration: 122
current_time: 120.009s
last_update_time: 1.49232s
largest_iteration_offset: 27
stalled_iterations: 9623
path_relink_time: 0s
num_path_relink_calls: 0
num_homogenities: 0
num_best_improvements: 0
num_elite_improvements: 0
num_exchanges: 0
num_shakes: 0
num_resets: 0
