Custom stopping criteria not supplied by the user. Using max. time = 30s and max. stall_offset = 0
Using 1 threads for decoding
initialization time: 0.039552
best warm start solution: 791.754
TSP tour:
0 4 3 40 49 10 27 5 21 35 36 28 1 17 13 8 23 39 41 47 25 2 19 43 11 18 24 46 33 44 7 9 34 42 38 6 31 32 22 15 45 26 16 29 14 30 48 12 37 20 
Operations:
0,4,3|3,10,5|40,10,21|21,35,17|17,13,25|25,2,19|19,43,11|11,18,24|24,33,44|44,7,9|9,34,42|42,38,6|6,31,22|22,15,45|45,26,29|29,14,30|30,48,12|12,37,0|
method: def_initPop
seed: 297720
Instance: 1
best_fitness: 736.675
current_iteration: 2203
last_update_iteration: 131
current_time: 30.0079s
last_update_time: 1.75504s
largest_iteration_offset: 58
stalled_iterations: 2072
path_relink_time: 0s
num_path_relink_calls: 0
num_homogenities: 0
num_best_improvements: 0
num_elite_improvements: 0
num_exchanges: 0
num_shakes: 0
num_resets: 0
