Custom stopping criteria not supplied by the user. Using max. time = 30s and max. stall_offset = 0
Using 1 threads for decoding
initialization time: 0.015908
best warm start solution: 466.2
TSP tour:
0 4 22 43 45 13 3 31 48 18 23 39 16 19 12 2 1 46 36 10 9 24 5 6 34 27 14 17 11 40 20 41 25 28 44 37 42 26 35 7 30 49 33 8 47 15 21 29 32 38 
Operations:
0,4,22|22,43,45|45,13,3|3,48,23|23,39,19|19,12,36|36,10,9|9,24,5|5,6,34|34,27,14|14,11,40|40,20,41|41,25,28|28,44,42|42,35,7|7,30,49|49,33,8|8,47,21|21,29,32|32,38,0|
method: def_initPop
seed: 1764168
Instance: 1
best_fitness: 383.8
current_iteration: 2524
last_update_iteration: 192
current_time: 30.01s
last_update_time: 2.30016s
largest_iteration_offset: 51
stalled_iterations: 2332
path_relink_time: 0s
num_path_relink_calls: 0
num_homogenities: 0
num_best_improvements: 0
num_elite_improvements: 0
num_exchanges: 0
num_shakes: 0
num_resets: 0
