Custom stopping criteria not supplied by the user. Using max. time = 60s and max. stall_offset = 0
Using 1 threads for decoding
initialization time: 0.0153213
best warm start solution: 651.006
TSP tour:
0 21 27 48 12 29 16 17 34 37 33 45 22 47 6 49 1 9 43 25 13 2 38 5 20 32 35 28 19 24 3 42 36 23 14 30 8 44 26 18 15 31 11 39 7 41 40 4 10 46 
Operations:
0,48,29|29,16,17|17,34,37|37,33,45|45,22,47|47,6,25|25,13,38|38,5,32|32,35,28|28,23,14|14,8,44|44,18,41|41,40,4|4,10,0|
method: def_initPop
seed: 7515072
Instance: 1
best_fitness: 553.096
current_iteration: 6652
last_update_iteration: 221
current_time: 60.0055s
last_update_time: 2.06167s
largest_iteration_offset: 63
stalled_iterations: 6431
path_relink_time: 0s
num_path_relink_calls: 0
num_homogenities: 0
num_best_improvements: 0
num_elite_improvements: 0
num_exchanges: 0
num_shakes: 0
num_resets: 0
