Custom stopping criteria not supplied by the user. Using max. time = 60s and max. stall_offset = 0
Using 1 threads for decoding
initialization time: 0.0359282
best warm start solution: 1008.19
TSP tour:
0 13 10 1 6 15 46 28 32 39 9 3 38 40 41 26 19 45 7 27 49 21 11 23 30 22 5 12 24 44 36 48 33 34 8 31 14 18 16 17 4 29 25 42 2 47 43 20 37 35 
Operations:
0,6,9|9,38,41|41,21,11|11,12,24|24,44,34|34,14,25|25,2,0|
method: def_initPop
seed: 297720
Instance: 1
best_fitness: 968.024
current_iteration: 2983
last_update_iteration: 118
current_time: 60.0076s
last_update_time: 2.30629s
largest_iteration_offset: 52
stalled_iterations: 2865
path_relink_time: 0s
num_path_relink_calls: 0
num_homogenities: 0
num_best_improvements: 0
num_elite_improvements: 0
num_exchanges: 0
num_shakes: 0
num_resets: 0
