Custom stopping criteria not supplied by the user. Using max. time = 60s and max. stall_offset = 0
Using 1 threads for decoding
initialization time: 0.0388619
best warm start solution: 1120.28
TSP tour:
0 51 7 25 68 50 37 33 61 47 17 13 71 48 16 22 27 63 74 28 8 70 54 26 58 60 29 46 12 53 52 34 32 10 19 20 43 65 5 36 21 69 4 55 23 40 45 57 66 38 30 44 39 67 56 41 15 62 73 42 3 24 72 14 59 18 6 64 49 31 9 35 1 2 11 
Operations:
0,25,71|71,27,58|58,32,19|19,20,56|56,41,15|15,62,72|72,59,6|6,64,0|
method: def_initPop
seed: 1764168
Instance: 1
best_fitness: 1120.28
current_iteration: 1383
last_update_iteration: 1
current_time: 60.0006s
last_update_time: 0.0341385s
largest_iteration_offset: 1
stalled_iterations: 1382
path_relink_time: 0s
num_path_relink_calls: 0
num_homogenities: 0
num_best_improvements: 0
num_elite_improvements: 0
num_exchanges: 0
num_shakes: 0
num_resets: 0
