Custom stopping criteria not supplied by the user. Using max. time = 15s and max. stall_offset = 0
Using 1 threads for decoding
initialization time: 0.114148
best warm start solution: 517.21
TSP tour:
0 1 49 61 40 45 7 38 50 53 32 8 60 5 27 15 9 42 47 35 55 57 18 31 22 48 4 37 68 17 41 51 72 30 44 25 39 65 58 69 70 64 19 20 29 73 56 46 26 23 13 3 6 14 11 59 74 24 66 43 16 33 54 52 67 2 28 21 10 63 71 12 62 34 36 
Operations:
0,1,49|49,61,40|40,45,7|7,38,50|50,53,32|32,8,60|60,5,15|15,9,47|47,35,18|18,31,22|22,48,4|4,37,68|68,72,44|44,25,39|39,65,58|58,70,64|64,19,20|20,29,46|46,26,23|23,13,6|6,14,59|59,74,24|24,43,33|33,54,52|52,28,21|21,10,63|63,71,62|62,34,0|
method: def_initPop
seed: 297720
Instance: 1
best_fitness: 466.573
current_iteration: 688
last_update_iteration: 310
current_time: 15.0169s
last_update_time: 6.72103s
largest_iteration_offset: 56
stalled_iterations: 378
path_relink_time: 0s
num_path_relink_calls: 0
num_homogenities: 0
num_best_improvements: 0
num_elite_improvements: 0
num_exchanges: 0
num_shakes: 0
num_resets: 0
