Custom stopping criteria not supplied by the user. Using max. time = 60s and max. stall_offset = 0
Using 1 threads for decoding
initialization time: 0.0364701
best warm start solution: 485.089
TSP tour:
0 20 44 17 21 40 32 14 22 48 36 47 12 1 37 3 27 49 13 23 26 31 33 35 34 9 2 43 30 15 41 29 45 42 24 11 6 16 7 8 28 19 4 10 46 39 38 5 18 25 
Operations:
0,32,14|14,36,47|47,12,1|1,37,3|3,27,13|13,31,33|33,34,9|9,2,43|43,15,41|41,29,45|45,42,24|24,11,16|16,7,28|28,19,4|4,10,46|46,39,38|38,5,18|18,25,0|
method: def_initPop
seed: 1764168
Instance: 1
best_fitness: 435.846
current_iteration: 6868
last_update_iteration: 234
current_time: 60.0004s
last_update_time: 2.06356s
largest_iteration_offset: 100
stalled_iterations: 6634
path_relink_time: 0s
num_path_relink_calls: 0
num_homogenities: 0
num_best_improvements: 0
num_elite_improvements: 0
num_exchanges: 0
num_shakes: 0
num_resets: 0
