Custom stopping criteria not supplied by the user. Using max. time = 60s and max. stall_offset = 0
Using 1 threads for decoding
initialization time: 0.0334131
best warm start solution: 485.089
TSP tour:
0 25 20 44 17 21 40 36 14 22 48 47 32 12 37 1 29 3 49 13 27 41 45 30 2 43 9 15 35 26 33 23 31 34 11 24 7 6 16 8 28 19 4 10 39 46 38 42 18 5 
Operations:
0,25,44|44,17,21|21,36,22|22,48,47|47,32,12|12,37,1|1,29,49|49,13,41|41,45,30|30,2,43|43,15,35|35,26,33|33,23,11|11,24,7|7,6,28|28,19,4|4,10,39|39,42,18|18,5,0|
method: def_initPop
seed: 7515072
Instance: 1
best_fitness: 431.122
current_iteration: 6945
last_update_iteration: 380
current_time: 60.0045s
last_update_time: 3.36354s
largest_iteration_offset: 213
stalled_iterations: 6565
path_relink_time: 0s
num_path_relink_calls: 0
num_homogenities: 0
num_best_improvements: 0
num_elite_improvements: 0
num_exchanges: 0
num_shakes: 0
num_resets: 0
