Custom stopping criteria not supplied by the user. Using max. time = 240s and max. stall_offset = 0
Using 1 threads for decoding
initialization time: 0.0234364
best warm start solution: 661.529
TSP tour:
0 51 70 49 7 1 71 32 62 54 26 67 37 73 57 50 5 74 9 12 11 2 61 14 28 36 46 58 38 47 72 31 40 18 43 69 27 41 24 68 22 64 34 44 45 10 52 56 4 29 48 17 3 59 6 23 30 42 21 15 33 53 35 55 65 16 60 13 19 66 25 20 8 39 63 
Operations:
0,51,70|70,49,7|7,71,32|32,26,73|73,57,5|5,74,9|9,61,46|46,58,38|38,47,18|18,69,27|27,41,24|24,68,22|22,64,34|64,45,10|10,56,4|4,29,48|48,17,3|3,59,23|23,30,42|42,15,35|35,55,65|65,16,60|60,13,19|19,66,25|25,20,8|8,39,0|
method: def_initPop
seed: 297720
Instance: 1
best_fitness: 537.693
current_iteration: 11969
last_update_iteration: 444
current_time: 240.015s
last_update_time: 8.80309s
largest_iteration_offset: 101
stalled_iterations: 11525
path_relink_time: 0s
num_path_relink_calls: 0
num_homogenities: 0
num_best_improvements: 0
num_elite_improvements: 0
num_exchanges: 0
num_shakes: 0
num_resets: 0
