Custom stopping criteria not supplied by the user. Using max. time = 15s and max. stall_offset = 0
Using 1 threads for decoding
initialization time: 0.0388184
best warm start solution: 1233.53
TSP tour:
0 25 39 30 1 49 53 55 26 38 52 56 59 44 11 64 15 74 19 63 12 61 10 67 42 31 8 14 3 37 66 16 27 36 20 9 29 21 54 7 41 17 40 68 13 71 28 34 18 24 33 72 45 65 6 4 32 5 58 62 43 69 51 73 48 23 2 60 35 22 50 70 57 46 47 
Operations:
0,53,44|44,63,10|10,7,17|17,33,32|32,62,69|69,2,60|51,23,2|2,22,70|70,57,0|
method: def_initPop
seed: 7515072
Instance: 1
best_fitness: 1190.58
current_iteration: 372
last_update_iteration: 151
current_time: 15.0377s
last_update_time: 5.83859s
largest_iteration_offset: 78
stalled_iterations: 221
path_relink_time: 0s
num_path_relink_calls: 0
num_homogenities: 0
num_best_improvements: 0
num_elite_improvements: 0
num_exchanges: 0
num_shakes: 0
num_resets: 0
