Custom stopping criteria not supplied by the user. Using max. time = 240s and max. stall_offset = 0
Using 1 threads for decoding
initialization time: 0.0357932
best warm start solution: 600.117
TSP tour:
0 44 2 11 49 40 9 33 6 24 19 32 28 12 18 25 15 17 30 31 16 14 36 46 34 48 41 37 22 23 43 26 47 13 42 7 39 20 27 38 29 10 3 5 21 35 45 8 4 1 
Operations:
0,49,40|40,9,24|24,47,42|42,10,3|3,35,45|45,8,0|
method: def_initPop
seed: 297720
Instance: 1
best_fitness: 585.45
current_iteration: 11706
last_update_iteration: 103
current_time: 240.013s
last_update_time: 2.02511s
largest_iteration_offset: 67
stalled_iterations: 11603
path_relink_time: 0s
num_path_relink_calls: 0
num_homogenities: 0
num_best_improvements: 0
num_elite_improvements: 0
num_exchanges: 0
num_shakes: 0
num_resets: 0
