Custom stopping criteria not supplied by the user. Using max. time = 60s and max. stall_offset = 0
Using 1 threads for decoding
initialization time: 0.113472
best warm start solution: 1092.78
TSP tour:
0 23 34 13 15 64 46 11 82 95 51 73 50 99 54 91 10 58 48 66 47 25 27 37 86 19 18 85 1 80 56 3 90 17 32 84 59 44 7 68 16 61 76 72 12 35 81 14 39 78 87 30 36 40 5 98 6 33 88 31 62 60 52 83 29 93 89 71 57 41 38 65 96 45 24 9 92 74 63 43 77 26 75 20 42 55 94 49 67 79 69 21 97 2 70 4 22 53 28 8 
Operations:
0,13,50|50,54,58|58,25,86|86,56,3|3,90,84|84,68,61|61,35,39|76,35,78|78,52,83|83,93,38|38,96,92|92,63,43|43,26,20|20,42,55|55,94,79|79,22,0|
method: def_initPop
seed: 1764168
Instance: 1
best_fitness: 1092.78
current_iteration: 1131
last_update_iteration: 1
current_time: 60.0395s
last_update_time: 0.0463638s
largest_iteration_offset: 1
stalled_iterations: 1130
path_relink_time: 0s
num_path_relink_calls: 0
num_homogenities: 0
num_best_improvements: 0
num_elite_improvements: 0
num_exchanges: 0
num_shakes: 0
num_resets: 0
