Custom stopping criteria not supplied by the user. Using max. time = 15s and max. stall_offset = 0
Using 1 threads for decoding
initialization time: 0.051363
best warm start solution: 554.45
TSP tour:
0 86 92 56 54 7 15 44 24 53 77 25 37 96 23 73 45 12 42 29 85 78 22 79 55 36 94 40 19 61 65 18 60 34 87 38 90 84 80 50 26 11 39 95 89 63 41 75 69 64 4 3 1 33 83 21 99 47 30 76 74 35 31 81 71 5 66 17 43 9 97 67 62 10 14 93 58 48 8 16 70 27 68 88 20 52 13 82 72 28 91 2 57 49 98 46 6 59 51 32 
Operations:
0,86,92|92,77,25|25,37,96|96,23,73|73,45,12|12,42,29|29,85,78|78,22,79|79,55,36|36,40,19|19,61,65|65,18,60|60,34,87|87,84,80|38,84,50|50,26,11|11,39,95|95,89,41|41,75,69|69,64,4|4,3,1|1,83,21|21,99,30|30,76,35|35,5,66|66,17,43|43,9,97|97,67,62|62,10,58|58,48,8|8,16,70|16,70,27|27,68,88|88,20,52|52,13,72|72,28,91|91,2,57|57,49,98|98,46,6|6,59,51|51,32,0|
method: def_initPop
seed: 8434820
Instance: 1
best_fitness: 466.399
current_iteration: 604
last_update_iteration: 402
current_time: 15.0022s
last_update_time: 9.94773s
largest_iteration_offset: 174
stalled_iterations: 202
path_relink_time: 0s
num_path_relink_calls: 0
num_homogenities: 0
num_best_improvements: 0
num_elite_improvements: 0
num_exchanges: 0
num_shakes: 0
num_resets: 0
