Custom stopping criteria not supplied by the user. Using max. time = 30s and max. stall_offset = 0
Using 1 threads for decoding
initialization time: 0.0672202
best warm start solution: 1125.98
TSP tour:
0 55 26 25 27 64 87 31 4 68 2 76 15 22 61 96 13 56 60 91 73 21 43 8 72 85 30 99 10 7 12 40 39 9 81 94 93 53 11 83 47 35 29 52 69 45 24 28 54 49 82 70 14 79 32 19 37 42 57 80 20 62 58 41 65 16 3 17 23 33 77 67 86 51 63 36 95 1 48 46 92 44 38 66 5 90 74 78 18 59 71 75 88 6 97 84 98 50 89 34 
Operations:
0,27,64|64,87,31|31,4,22|22,61,56|56,60,91|91,43,8|8,85,30|30,99,10|10,7,12|12,40,39|40,39,9|9,94,93|93,35,29|29,52,69|69,45,24|24,28,49|49,82,70|70,14,79|79,32,42|42,57,20|20,62,41|41,65,17|17,23,33|33,77,67|67,86,51|51,63,95|95,1,46|46,92,44|44,66,5|5,90,74|74,78,59|59,71,88|88,84,98|98,89,0|
method: def_initPop
seed: 1764168
Instance: 1
best_fitness: 1023.44
current_iteration: 985
last_update_iteration: 300
current_time: 30.0145s
last_update_time: 8.92445s
largest_iteration_offset: 90
stalled_iterations: 685
path_relink_time: 0s
num_path_relink_calls: 0
num_homogenities: 0
num_best_improvements: 0
num_elite_improvements: 0
num_exchanges: 0
num_shakes: 0
num_resets: 0
