Custom stopping criteria not supplied by the user. Using max. time = 15s and max. stall_offset = 0
Using 1 threads for decoding
initialization time: 0.0194921
best warm start solution: 478.47
TSP tour:
0 19 23 35 28 37 22 9 1 5 34 44 25 48 2 42 45 40 33 26 12 10 17 27 3 39 32 47 36 7 20 8 29 15 38 46 13 31 21 6 24 11 43 49 30 16 41 14 4 18 
Operations:
0,19,23|23,35,28|28,37,22|22,9,1|9,1,5|5,34,48|48,2,42|42,45,40|40,33,26|26,17,39|39,32,47|47,36,20|20,29,15|15,38,46|46,13,31|31,6,24|24,11,43|43,30,16|16,41,14|14,4,18|18,-1,0|
method: def_initPop
seed: 2700001
Instance: 1
best_fitness: 413.061
current_iteration: 1174
last_update_iteration: 271
current_time: 15.0059s
last_update_time: 3.47193s
largest_iteration_offset: 144
stalled_iterations: 903
path_relink_time: 0s
num_path_relink_calls: 0
num_homogenities: 0
num_best_improvements: 0
num_elite_improvements: 0
num_exchanges: 0
num_shakes: 0
num_resets: 0
