Custom stopping criteria not supplied by the user. Using max. time = 15s and max. stall_offset = 0
Using 1 threads for decoding
initialization time: 0.0219484
best warm start solution: 478.47
TSP tour:
0 19 35 23 22 37 9 1 5 28 44 34 25 48 2 42 45 40 33 26 12 10 39 27 3 17 47 32 36 38 7 20 8 29 15 46 31 13 21 6 11 24 43 49 30 16 41 14 4 18 
Operations:
0,19,35|35,23,22|22,37,9|9,1,5|5,28,44|44,34,48|48,2,42|42,45,40|40,33,26|26,39,27|27,17,32|32,38,20|20,29,15|15,46,31|31,13,21|21,6,11|11,24,43|43,30,16|16,41,14|14,4,18|18,-1,0|
method: def_initPop
seed: 8434820
Instance: 1
best_fitness: 416.351
current_iteration: 1178
last_update_iteration: 141
current_time: 15.0047s
last_update_time: 1.79346s
largest_iteration_offset: 54
stalled_iterations: 1037
path_relink_time: 0s
num_path_relink_calls: 0
num_homogenities: 0
num_best_improvements: 0
num_elite_improvements: 0
num_exchanges: 0
num_shakes: 0
num_resets: 0
