Custom stopping criteria not supplied by the user. Using max. time = 60s and max. stall_offset = 0
Using 1 threads for decoding
initialization time: 0.0201077
best warm start solution: 651.006
TSP tour:
0 48 21 27 12 29 16 17 34 37 35 33 28 19 24 3 42 36 23 14 30 8 44 26 18 31 15 6 13 43 25 9 2 38 5 20 32 1 45 49 47 22 7 39 40 11 41 4 10 46 
Operations:
0,48,29|29,16,17|17,34,37|37,35,33|33,28,19|19,23,14|14,8,44|44,18,6|6,13,43|43,25,9|9,2,38|38,5,20|20,32,1|1,45,47|47,22,7|7,39,40|40,11,4|4,10,0|
method: def_initPop
seed: 8434820
Instance: 1
best_fitness: 587.33
current_iteration: 4509
last_update_iteration: 190
current_time: 60.0013s
last_update_time: 2.52587s
largest_iteration_offset: 80
stalled_iterations: 4319
path_relink_time: 0s
num_path_relink_calls: 0
num_homogenities: 0
num_best_improvements: 0
num_elite_improvements: 0
num_exchanges: 0
num_shakes: 0
num_resets: 0
