Custom stopping criteria not supplied by the user. Using max. time = 60s and max. stall_offset = 0
Using 1 threads for decoding
initialization time: 0.0252444
best warm start solution: 481.087
TSP tour:
0 35 23 44 19 2 42 12 3 5 18 4 14 7 39 43 15 31 11 20 21 25 6 47 16 29 49 28 46 26 1 48 45 40 38 9 22 13 10 8 36 24 41 30 37 34 32 33 17 27 
Operations:
0,35,2|2,3,5|5,4,31|31,20,29|29,46,1|1,45,13|13,30,37|37,33,27|34,33,0|
method: def_initPop
seed: 297720
Instance: 1
best_fitness: 466.121
current_iteration: 3133
last_update_iteration: 123
current_time: 60.0011s
last_update_time: 2.27451s
largest_iteration_offset: 58
stalled_iterations: 3010
path_relink_time: 0s
num_path_relink_calls: 0
num_homogenities: 0
num_best_improvements: 0
num_elite_improvements: 0
num_exchanges: 0
num_shakes: 0
num_resets: 0
