Custom stopping criteria not supplied by the user. Using max. time = 60s and max. stall_offset = 0
Using 1 threads for decoding
initialization time: 0.0251722
best warm start solution: 481.087
TSP tour:
0 35 3 4 5 18 14 7 39 43 31 11 20 21 25 15 6 47 16 29 49 46 28 26 1 45 48 40 38 9 22 13 10 8 36 24 30 41 37 34 32 33 12 42 2 19 44 23 17 27 
Operations:
0,4,18|18,7,43|43,20,21|21,15,6|6,46,1|1,45,13|13,30,37|37,32,12|34,12,42|42,17,0|
method: def_initPop
seed: 7515072
Instance: 1
best_fitness: 475.161
current_iteration: 3179
last_update_iteration: 138
current_time: 60.0003s
last_update_time: 2.54886s
largest_iteration_offset: 91
stalled_iterations: 3041
path_relink_time: 0s
num_path_relink_calls: 0
num_homogenities: 0
num_best_improvements: 0
num_elite_improvements: 0
num_exchanges: 0
num_shakes: 0
num_resets: 0
