Custom stopping criteria not supplied by the user. Using max. time = 60s and max. stall_offset = 0
Using 1 threads for decoding
initialization time: 0.0827244
best warm start solution: 667.353
TSP tour:
0 50 10 91 67 52 41 95 88 6 59 43 18 69 90 60 37 42 65 45 32 39 87 47 85 21 57 63 54 56 23 66 73 49 22 36 19 78 4 14 11 55 61 99 80 68 40 70 71 9 76 35 30 31 13 77 84 27 53 81 5 97 8 93 96 16 48 46 17 86 89 20 15 62 79 33 82 58 75 64 25 2 38 12 92 72 51 3 44 24 98 7 1 28 34 26 83 74 94 29 
Operations:
0,67,95|95,6,59|59,90,60|60,42,45|45,39,57|57,54,56|56,73,22|22,4,14|14,55,61|61,99,70|70,76,35|35,31,13|13,27,53|53,97,8|8,96,16|16,46,17|17,20,33|33,82,25|25,2,92|92,72,98|98,7,1|1,29,0|
method: def_initPop
seed: 7515072
Instance: 1
best_fitness: 667.353
current_iteration: 1237
last_update_iteration: 1
current_time: 60.0087s
last_update_time: 0.0413847s
largest_iteration_offset: 1
stalled_iterations: 1236
path_relink_time: 0s
num_path_relink_calls: 0
num_homogenities: 0
num_best_improvements: 0
num_elite_improvements: 0
num_exchanges: 0
num_shakes: 0
num_resets: 0
