Custom stopping criteria not supplied by the user. Using max. time = 15s and max. stall_offset = 0
Using 1 threads for decoding
initialization time: 0.0562521
best warm start solution: 1149.01
TSP tour:
0 46 45 12 31 4 39 49 2 69 38 44 65 25 3 60 66 55 32 27 47 16 50 41 57 71 7 42 22 14 58 74 30 63 64 21 13 28 59 24 36 73 52 33 43 6 56 8 53 26 68 37 40 35 18 29 72 51 70 15 10 34 19 48 23 20 17 1 9 61 54 62 11 5 67 
Operations:
0,31,39|39,2,44|44,25,66|66,74,21|21,13,72|72,10,17|17,1,62|62,67,0|
method: def_initPop
seed: 2700001
Instance: 1
best_fitness: 1145.56
current_iteration: 346
last_update_iteration: 148
current_time: 15.0245s
last_update_time: 6.12098s
largest_iteration_offset: 107
stalled_iterations: 198
path_relink_time: 0s
num_path_relink_calls: 0
num_homogenities: 0
num_best_improvements: 0
num_elite_improvements: 0
num_exchanges: 0
num_shakes: 0
num_resets: 0
