Custom stopping criteria not supplied by the user. Using max. time = 30s and max. stall_offset = 0
Using 1 threads for decoding
initialization time: 0.0415309
best warm start solution: 416.648
TSP tour:
0 15 4 39 10 14 40 24 17 28 5 16 2 42 7 20 38 34 41 45 21 27 31 12 30 48 37 36 33 26 13 19 29 3 9 49 1 32 44 22 8 47 6 35 18 11 23 46 25 43 
Operations:
0,15,10|10,40,24|24,17,28|28,5,2|2,7,38|38,34,41|41,45,21|21,27,31|31,30,48|48,37,36|36,33,26|26,13,19|19,29,3|3,9,49|49,1,32|32,44,22|22,8,47|47,6,23|23,46,25|25,43,0|
method: def_initPop
seed: 297720
Instance: 1
best_fitness: 312.937
current_iteration: 2493
last_update_iteration: 186
current_time: 30.0009s
last_update_time: 2.25524s
largest_iteration_offset: 30
stalled_iterations: 2307
path_relink_time: 0s
num_path_relink_calls: 0
num_homogenities: 0
num_best_improvements: 0
num_elite_improvements: 0
num_exchanges: 0
num_shakes: 0
num_resets: 0
