Custom stopping criteria not supplied by the user. Using max. time = 30s and max. stall_offset = 0
Using 1 threads for decoding
initialization time: 0.0306308
best warm start solution: 416.648
TSP tour:
0 4 15 39 10 40 14 24 17 28 16 5 2 7 42 20 38 34 27 6 41 45 21 44 31 12 30 48 37 36 13 33 29 26 19 1 3 49 32 9 8 22 47 35 18 11 23 46 25 43 
Operations:
0,15,10|10,40,24|24,17,28|28,5,2|2,7,38|38,34,27|27,6,41|41,45,21|21,44,31|31,30,48|48,37,36|36,13,33|33,29,26|26,19,1|1,3,32|32,9,23|23,46,25|25,43,0|
method: def_initPop
seed: 2700001
Instance: 1
best_fitness: 313.513
current_iteration: 2487
last_update_iteration: 487
current_time: 30.0002s
last_update_time: 5.89603s
largest_iteration_offset: 289
stalled_iterations: 2000
path_relink_time: 0s
num_path_relink_calls: 0
num_homogenities: 0
num_best_improvements: 0
num_elite_improvements: 0
num_exchanges: 0
num_shakes: 0
num_resets: 0
