Custom stopping criteria not supplied by the user. Using max. time = 30s and max. stall_offset = 0
Using 1 threads for decoding
initialization time: 0.0305775
best warm start solution: 416.648
TSP tour:
0 4 39 6 10 14 40 24 17 28 16 5 2 7 42 20 38 34 30 12 37 13 36 33 26 29 19 3 9 49 1 32 8 48 44 31 21 41 45 27 47 35 22 18 11 23 46 43 25 15 
Operations:
0,6,10|10,40,24|24,17,28|28,5,2|2,7,38|38,34,30|30,12,37|37,13,36|36,33,26|26,29,19|19,3,9|3,9,49|49,1,32|32,48,44|44,31,21|21,41,45|45,27,35|35,22,23|23,46,43|43,15,0|
method: def_initPop
seed: 7515072
Instance: 1
best_fitness: 323.249
current_iteration: 2507
last_update_iteration: 333
current_time: 30.0113s
last_update_time: 3.99735s
largest_iteration_offset: 105
stalled_iterations: 2174
path_relink_time: 0s
num_path_relink_calls: 0
num_homogenities: 0
num_best_improvements: 0
num_elite_improvements: 0
num_exchanges: 0
num_shakes: 0
num_resets: 0
