Custom stopping criteria not supplied by the user. Using max. time = 15s and max. stall_offset = 0
Using 1 threads for decoding
initialization time: 0.0458735
best warm start solution: 969.3
TSP tour:
0 80 55 39 60 88 12 22 83 70 42 63 49 40 85 65 68 21 45 4 84 78 93 38 72 30 26 8 44 28 54 62 74 51 34 25 41 52 19 47 86 37 13 91 79 75 58 18 82 53 5 95 20 87 92 32 9 90 14 10 23 56 67 36 31 64 50 97 7 27 16 98 43 46 33 35 11 2 89 77 17 99 94 48 71 57 61 66 81 3 24 69 29 73 6 76 15 1 59 96 
Operations:
0,12,70|70,63,49|49,65,68|68,4,84|84,78,93|93,38,72|38,72,30|30,8,44|44,28,54|54,62,74|74,51,25|25,41,52|52,19,86|86,37,13|13,91,79|79,75,58|75,18,82|82,20,87|87,92,32|32,9,90|90,10,56|56,67,36|36,31,64|64,50,97|97,7,16|16,98,33|33,35,11|35,2,89|89,17,99|99,94,48|48,57,61|61,66,81|81,3,69|69,29,6|6,76,96|96,-1,0|
method: def_initPop
seed: 1764168
Instance: 1
best_fitness: 879.14
current_iteration: 527
last_update_iteration: 314
current_time: 15.0267s
last_update_time: 8.92636s
largest_iteration_offset: 87
stalled_iterations: 213
path_relink_time: 0s
num_path_relink_calls: 0
num_homogenities: 0
num_best_improvements: 0
num_elite_improvements: 0
num_exchanges: 0
num_shakes: 0
num_resets: 0
