Custom stopping criteria not supplied by the user. Using max. time = 60s and max. stall_offset = 0
Using 1 threads for decoding
initialization time: 0.0283616
best warm start solution: 622.681
TSP tour:
0 21 10 27 12 29 34 16 17 37 22 35 45 47 49 1 6 43 13 25 9 2 38 20 5 32 33 28 19 24 3 42 8 36 14 30 23 44 26 15 31 11 39 18 7 40 41 4 48 46 
Operations:
0,10,27|27,12,29|29,34,17|17,37,22|22,35,45|45,47,49|49,6,43|43,13,9|9,2,38|38,20,5|20,5,32|32,33,28|28,8,36|36,14,30|30,23,26|26,15,31|31,18,4|4,48,0|
method: def_initPop
seed: 297720
Instance: 1
best_fitness: 478.927
current_iteration: 4918
last_update_iteration: 219
current_time: 60.007s
last_update_time: 2.67403s
largest_iteration_offset: 47
stalled_iterations: 4699
path_relink_time: 0s
num_path_relink_calls: 0
num_homogenities: 0
num_best_improvements: 0
num_elite_improvements: 0
num_exchanges: 0
num_shakes: 0
num_resets: 0
