Custom stopping criteria not supplied by the user. Using max. time = 15s and max. stall_offset = 0
Using 1 threads for decoding
initialization time: 0.0769039
best warm start solution: 635.444
TSP tour:
0 24 22 63 37 46 80 11 83 64 49 86 53 50 75 52 73 51 12 43 48 85 89 95 40 31 99 55 32 7 10 97 47 84 19 93 8 44 96 14 68 72 1 78 62 54 17 26 74 25 82 79 23 58 4 45 41 65 15 36 38 90 81 59 13 70 34 33 29 71 98 77 42 2 9 88 28 92 87 30 3 35 67 16 91 20 57 94 6 5 69 61 76 21 56 27 60 66 18 39 
Operations:
0,24,22|22,37,46|46,80,11|11,83,64|64,49,86|86,53,50|50,52,73|73,51,12|12,85,89|89,95,31|31,55,32|32,10,97|97,84,19|19,93,44|44,68,1|1,78,62|62,17,26|26,25,82|74,25,79|79,23,58|58,4,45|45,41,65|65,36,38|38,90,59|59,70,33|33,29,98|98,77,42|42,2,9|9,88,28|28,92,87|87,30,3|3,35,67|67,16,91|91,20,94|94,69,61|61,76,21|21,56,27|27,60,18|18,39,0|
method: def_initPop
seed: 7515072
Instance: 1
best_fitness: 578.568
current_iteration: 539
last_update_iteration: 166
current_time: 15.0021s
last_update_time: 4.51807s
largest_iteration_offset: 70
stalled_iterations: 373
path_relink_time: 0s
num_path_relink_calls: 0
num_homogenities: 0
num_best_improvements: 0
num_elite_improvements: 0
num_exchanges: 0
num_shakes: 0
num_resets: 0
