Custom stopping criteria not supplied by the user. Using max. time = 15s and max. stall_offset = 0
Using 1 threads for decoding
initialization time: 0.0349864
best warm start solution: 772.758
TSP tour:
0 12 6 45 2 17 18 31 16 1 58 32 13 68 42 27 25 37 21 60 44 19 49 15 30 28 43 22 64 24 35 48 73 39 47 53 5 57 71 7 38 8 65 34 36 23 63 14 26 9 70 61 29 3 46 20 52 74 11 59 50 33 51 66 4 62 40 10 72 55 41 54 69 67 56 
Operations:
0,12,2|2,1,32|32,42,27|27,21,60|60,43,64|64,57,14|14,70,20|20,52,33|33,62,40|40,55,54|54,69,0|
method: def_initPop
seed: 2700001
Instance: 1
best_fitness: 753.612
current_iteration: 377
last_update_iteration: 244
current_time: 15.04s
last_update_time: 9.66309s
largest_iteration_offset: 97
stalled_iterations: 133
path_relink_time: 0s
num_path_relink_calls: 0
num_homogenities: 0
num_best_improvements: 0
num_elite_improvements: 0
num_exchanges: 0
num_shakes: 0
num_resets: 0
