Custom stopping criteria not supplied by the user. Using max. time = 15s and max. stall_offset = 0
Using 1 threads for decoding
initialization time: 0.0338077
best warm start solution: 772.758
TSP tour:
0 6 45 2 12 17 18 69 31 16 58 1 42 32 13 68 27 25 37 60 21 44 19 49 15 30 28 57 43 22 64 24 35 48 73 39 47 53 5 71 7 38 8 36 34 65 63 23 14 26 9 61 29 3 46 52 20 74 11 59 50 33 51 66 70 4 40 10 72 41 55 54 67 62 56 
Operations:
0,12,17|17,57,47|47,71,7|7,8,36|36,23,26|26,9,52|52,70,72|72,62,0|
method: def_initPop
seed: 7515072
Instance: 1
best_fitness: 744.332
current_iteration: 365
last_update_iteration: 135
current_time: 15.0004s
last_update_time: 5.29366s
largest_iteration_offset: 76
stalled_iterations: 230
path_relink_time: 0s
num_path_relink_calls: 0
num_homogenities: 0
num_best_improvements: 0
num_elite_improvements: 0
num_exchanges: 0
num_shakes: 0
num_resets: 0
