Custom stopping criteria not supplied by the user. Using max. time = 15s and max. stall_offset = 0
Using 1 threads for decoding
initialization time: 0.0642078
best warm start solution: 632.117
TSP tour:
0 54 82 46 44 11 32 94 8 60 95 52 50 41 70 43 47 5 53 90 85 75 72 17 2 35 19 91 81 61 27 33 48 6 71 28 83 57 84 22 40 36 64 68 24 12 76 97 38 42 55 59 63 26 87 73 10 21 9 92 1 99 77 14 93 30 18 29 31 4 58 39 66 15 80 67 89 69 37 16 56 7 74 34 65 3 88 62 20 98 51 86 23 96 45 49 25 79 13 78 
Operations:
0,82,46|46,95,52|52,41,43|43,47,85|85,75,72|72,81,61|61,28,84|27,33,48|48,84,22|22,64,68|40,64,24|24,76,97|97,55,21|21,92,77|77,14,18|18,29,66|66,89,37|37,16,56|56,88,62|62,20,96|96,79,0|
method: def_initPop
seed: 7515072
Instance: 1
best_fitness: 632.117
current_iteration: 307
last_update_iteration: 1
current_time: 15.0257s
last_update_time: 0.0412776s
largest_iteration_offset: 1
stalled_iterations: 306
path_relink_time: 0s
num_path_relink_calls: 0
num_homogenities: 0
num_best_improvements: 0
num_elite_improvements: 0
num_exchanges: 0
num_shakes: 0
num_resets: 0
