Custom stopping criteria not supplied by the user. Using max. time = 15s and max. stall_offset = 0
Using 1 threads for decoding
initialization time: 0.0465025
best warm start solution: 767.27
TSP tour:
0 4 2 15 8 17 27 53 18 36 20 40 42 39 12 68 11 64 49 45 9 63 3 5 26 46 65 59 52 69 7 55 74 70 62 56 25 28 33 22 21 37 60 19 50 72 48 43 1 31 23 24 30 47 57 35 73 29 38 66 16 54 44 34 58 6 10 61 67 41 51 71 14 13 32 
Operations:
0,4,2|2,15,8|8,27,18|18,20,42|42,39,12|12,68,11|11,64,46|46,69,74|74,70,62|62,56,33|33,22,60|60,19,50|50,72,48|48,43,1|1,31,23|23,24,30|30,57,35|35,29,66|66,44,58|58,61,67|67,41,51|51,71,13|13,32,0|
method: def_initPop
seed: 7515072
Instance: 1
best_fitness: 716.426
current_iteration: 639
last_update_iteration: 162
current_time: 15.0009s
last_update_time: 3.73494s
largest_iteration_offset: 74
stalled_iterations: 477
path_relink_time: 0s
num_path_relink_calls: 0
num_homogenities: 0
num_best_improvements: 0
num_elite_improvements: 0
num_exchanges: 0
num_shakes: 0
num_resets: 0
