Custom stopping criteria not supplied by the user. Using max. time = 15s and max. stall_offset = 0
Using 1 threads for decoding
initialization time: 0.0675002
best warm start solution: 895.883
TSP tour:
0 86 49 41 43 82 24 67 19 30 27 69 32 98 89 76 91 12 20 87 4 46 25 68 88 40 21 72 52 35 66 42 56 28 70 31 7 65 44 90 8 13 93 5 45 92 10 17 33 38 23 39 54 84 6 95 14 94 59 78 60 79 50 63 80 57 53 73 37 34 15 1 3 55 75 58 18 71 64 11 83 48 22 51 96 61 62 29 26 85 97 77 36 99 16 9 74 2 81 47 
Operations:
0,86,49|49,41,43|43,82,24|24,67,19|19,30,27|27,69,98|98,89,12|12,20,87|87,4,46|46,25,68|68,88,21|21,42,70|70,31,7|7,65,44|44,90,8|90,8,13|13,93,45|45,92,10|10,17,33|33,38,23|23,54,94|94,59,78|78,60,79|79,50,63|63,80,57|57,53,73|73,37,34|34,1,11|11,83,48|48,22,51|51,96,62|62,29,26|26,97,77|77,36,99|99,9,74|74,2,81|81,47,0|
method: def_initPop
seed: 2700001
Instance: 1
best_fitness: 728.585
current_iteration: 590
last_update_iteration: 361
current_time: 15.0164s
last_update_time: 9.10725s
largest_iteration_offset: 72
stalled_iterations: 229
path_relink_time: 0s
num_path_relink_calls: 0
num_homogenities: 0
num_best_improvements: 0
num_elite_improvements: 0
num_exchanges: 0
num_shakes: 0
num_resets: 0
