Custom stopping criteria not supplied by the user. Using max. time = 15s and max. stall_offset = 0
Using 1 threads for decoding
initialization time: 0.0145668
best warm start solution: 592.782
TSP tour:
0 11 31 47 8 24 44 32 38 25 20 9 4 35 34 26 45 39 3 15 41 19 29 49 12 40 43 18 14 48 13 17 33 42 22 1 36 5 16 30 6 2 10 23 46 28 7 21 37 27 
Operations:
0,47,8|8,32,38|38,25,9|9,34,39|39,3,15|15,41,29|29,49,12|12,40,43|43,18,14|14,13,17|17,33,42|42,1,36|36,5,16|16,30,23|23,46,28|28,7,21|21,27,0|
method: def_initPop
seed: 2700001
Instance: 1
best_fitness: 449.416
current_iteration: 1229
last_update_iteration: 96
current_time: 15.0005s
last_update_time: 1.16686s
largest_iteration_offset: 17
stalled_iterations: 1133
path_relink_time: 0s
num_path_relink_calls: 0
num_homogenities: 0
num_best_improvements: 0
num_elite_improvements: 0
num_exchanges: 0
num_shakes: 0
num_resets: 0
