Custom stopping criteria not supplied by the user. Using max. time = 60s and max. stall_offset = 0
Using 1 threads for decoding
initialization time: 0.0202099
best warm start solution: 467.655
TSP tour:
0 26 31 24 4 25 32 1 15 46 18 33 45 20 2 48 42 35 36 22 43 16 41 3 9 21 34 30 14 49 23 8 19 39 5 17 47 10 11 40 29 27 7 44 12 38 13 6 37 28 
Operations:
0,26,31|31,24,4|4,25,32|32,1,15|15,46,33|33,45,20|20,2,48|48,42,35|42,35,36|36,22,43|43,16,41|41,3,9|9,34,14|14,49,23|23,8,19|19,39,17|17,47,10|10,11,29|29,7,12|12,13,6|6,37,0|
method: def_initPop
seed: 297720
Instance: 1
best_fitness: 388.544
current_iteration: 5034
last_update_iteration: 466
current_time: 60.0086s
last_update_time: 5.53601s
largest_iteration_offset: 340
stalled_iterations: 4568
path_relink_time: 0s
num_path_relink_calls: 0
num_homogenities: 0
num_best_improvements: 0
num_elite_improvements: 0
num_exchanges: 0
num_shakes: 0
num_resets: 0
