Custom stopping criteria not supplied by the user. Using max. time = 60s and max. stall_offset = 0
Using 1 threads for decoding
initialization time: 0.0299907
best warm start solution: 467.655
TSP tour:
0 41 3 22 16 43 36 48 42 2 20 45 33 18 1 15 46 32 25 4 24 31 26 37 28 13 7 11 29 40 10 19 8 23 49 14 30 34 21 39 9 5 47 17 44 27 35 12 38 6 
Operations:
0,41,3|3,22,16|16,43,36|36,48,42|42,2,20|20,45,33|33,1,15|15,46,32|32,25,4|4,24,31|31,26,37|37,28,13|13,7,11|11,29,40|40,10,19|19,8,23|23,49,14|14,34,39|39,9,5|5,47,17|17,44,27|27,35,0|
method: def_initPop
seed: 8434820
Instance: 1
best_fitness: 410.472
current_iteration: 5009
last_update_iteration: 454
current_time: 60.0017s
last_update_time: 5.45175s
largest_iteration_offset: 212
stalled_iterations: 4555
path_relink_time: 0s
num_path_relink_calls: 0
num_homogenities: 0
num_best_improvements: 0
num_elite_improvements: 0
num_exchanges: 0
num_shakes: 0
num_resets: 0
