Custom stopping criteria not supplied by the user. Using max. time = 15s and max. stall_offset = 0
Using 1 threads for decoding
initialization time: 0.0349433
best warm start solution: 772.758
TSP tour:
0 6 45 2 17 18 12 69 31 16 58 1 42 32 13 68 27 25 37 60 21 44 19 49 15 30 28 57 43 22 64 24 35 48 73 39 47 53 5 71 7 38 8 65 34 36 23 63 14 26 70 9 61 29 3 46 52 20 74 11 59 50 33 51 66 4 62 40 10 72 41 55 54 67 56 
Operations:
0,45,17|17,57,47|47,71,7|7,65,23|23,70,9|9,3,52|61,52,20|20,74,4|4,62,72|72,55,0|
method: def_initPop
seed: 1764168
Instance: 1
best_fitness: 772.758
current_iteration: 387
last_update_iteration: 1
current_time: 15.0156s
last_update_time: 0.034442s
largest_iteration_offset: 1
stalled_iterations: 386
path_relink_time: 0s
num_path_relink_calls: 0
num_homogenities: 0
num_best_improvements: 0
num_elite_improvements: 0
num_exchanges: 0
num_shakes: 0
num_resets: 0
