Custom stopping criteria not supplied by the user. Using max. time = 15s and max. stall_offset = 0
Using 1 threads for decoding
initialization time: 0.0333655
best warm start solution: 677.329
TSP tour:
0 43 21 17 6 45 22 2 8 30 5 26 44 23 4 13 46 29 20 42 11 15 1 47 3 16 33 39 37 35 32 48 14 18 38 31 27 10 36 9 25 49 40 28 34 12 24 19 7 41 
Operations:
0,43,21|21,6,45|45,22,2|2,26,23|23,4,13|13,46,29|46,29,20|20,11,15|15,16,14|14,18,38|38,31,27|27,10,9|9,49,40|40,28,34|34,24,19|19,41,0|
method: def_initPop
seed: 297720
Instance: 1
best_fitness: 585.147
current_iteration: 1109
last_update_iteration: 97
current_time: 15.0135s
last_update_time: 1.31401s
largest_iteration_offset: 49
stalled_iterations: 1012
path_relink_time: 0s
num_path_relink_calls: 0
num_homogenities: 0
num_best_improvements: 0
num_elite_improvements: 0
num_exchanges: 0
num_shakes: 0
num_resets: 0
