Custom stopping criteria not supplied by the user. Using max. time = 15s and max. stall_offset = 0
Using 1 threads for decoding
initialization time: 0.0331755
best warm start solution: 677.329
TSP tour:
0 41 10 27 25 36 9 49 38 48 32 37 35 14 18 31 45 43 21 26 17 44 23 4 13 46 29 30 20 5 8 42 2 22 6 33 39 3 16 47 1 15 11 40 28 34 12 24 19 7 
Operations:
0,41,27|27,25,9|9,49,48|48,37,35|35,45,21|21,26,23|23,4,13|13,29,30|30,20,8|8,42,22|22,16,15|15,11,40|40,28,34|34,24,19|19,7,0|
method: def_initPop
seed: 1764168
Instance: 1
best_fitness: 576.446
current_iteration: 1118
last_update_iteration: 130
current_time: 15.0069s
last_update_time: 1.73013s
largest_iteration_offset: 45
stalled_iterations: 988
path_relink_time: 0s
num_path_relink_calls: 0
num_homogenities: 0
num_best_improvements: 0
num_elite_improvements: 0
num_exchanges: 0
num_shakes: 0
num_resets: 0
