Custom stopping criteria not supplied by the user. Using max. time = 120s and max. stall_offset = 0
Using 1 threads for decoding
initialization time: 0.0134705
best warm start solution: 612.772
TSP tour:
0 2 12 29 20 42 46 31 32 28 36 23 41 25 38 5 40 39 11 33 49 37 14 47 7 21 43 15 26 19 4 34 45 35 8 24 3 48 10 44 22 16 18 17 9 1 13 27 30 6 
Operations:
0,12,29|29,20,42|42,46,31|31,32,36|36,41,38|38,5,40|40,11,49|49,37,14|14,7,21|21,43,15|15,26,35|35,8,24|24,48,10|10,44,16|16,17,1|1,13,27|27,30,0|
method: def_initPop
seed: 297720
Instance: 1
best_fitness: 492.74
current_iteration: 9773
last_update_iteration: 545
current_time: 120.009s
last_update_time: 6.71648s
largest_iteration_offset: 270
stalled_iterations: 9228
path_relink_time: 0s
num_path_relink_calls: 0
num_homogenities: 0
num_best_improvements: 0
num_elite_improvements: 0
num_exchanges: 0
num_shakes: 0
num_resets: 0
