Custom stopping criteria not supplied by the user. Using max. time = 15s and max. stall_offset = 0
Using 1 threads for decoding
initialization time: 0.0304222
best warm start solution: 767.24
TSP tour:
0 70 51 71 49 7 1 32 30 62 54 67 37 74 73 50 5 9 12 11 2 14 28 36 46 4 58 38 72 57 31 40 18 52 10 44 43 68 45 27 24 41 22 64 34 69 56 47 29 61 15 48 17 3 6 23 59 42 21 33 53 35 60 55 65 16 13 66 19 25 20 26 63 8 39 
Operations:
0,30,62|62,74,9|9,4,58|58,45,34|34,15,48|48,59,33|33,55,65|65,16,20|20,39,0|
method: def_initPop
seed: 8434820
Instance: 1
best_fitness: 758.638
current_iteration: 386
last_update_iteration: 158
current_time: 15.0116s
last_update_time: 5.91199s
largest_iteration_offset: 89
stalled_iterations: 228
path_relink_time: 0s
num_path_relink_calls: 0
num_homogenities: 0
num_best_improvements: 0
num_elite_improvements: 0
num_exchanges: 0
num_shakes: 0
num_resets: 0
