Custom stopping criteria not supplied by the user. Using max. time = 15s and max. stall_offset = 0
Using 1 threads for decoding
initialization time: 0.0482422
best warm start solution: 840.505
TSP tour:
0 18 44 73 15 31 33 66 62 20 37 64 30 55 24 5 56 60 53 54 41 11 12 63 23 47 69 10 70 72 46 58 48 2 6 17 34 3 57 16 9 38 59 40 7 49 61 51 4 45 43 14 52 35 27 19 50 36 28 22 71 13 67 29 21 68 65 32 26 25 1 39 74 8 42 
Operations:
0,24,10|10,72,48|48,3,40|40,61,51|51,4,45|45,52,35|35,19,36|36,13,29|29,68,0|
method: def_initPop
seed: 1764168
Instance: 1
best_fitness: 813.688
current_iteration: 380
last_update_iteration: 200
current_time: 15.0297s
last_update_time: 7.66776s
largest_iteration_offset: 81
stalled_iterations: 180
path_relink_time: 0s
num_path_relink_calls: 0
num_homogenities: 0
num_best_improvements: 0
num_elite_improvements: 0
num_exchanges: 0
num_shakes: 0
num_resets: 0
