Custom stopping criteria not supplied by the user. Using max. time = 30s and max. stall_offset = 0
Using 1 threads for decoding
initialization time: 0.0127114
best warm start solution: 442.559
TSP tour:
0 16 22 35 19 28 10 33 47 32 48 42 29 44 38 9 11 2 4 49 26 34 40 31 30 20 36 27 15 21 3 46 17 39 14 37 5 7 41 1 24 12 8 25 43 45 23 18 13 6 
Operations:
0,16,22|22,35,19|19,28,10|10,33,32|32,48,42|42,29,38|38,9,11|11,4,26|26,40,31|31,30,20|20,36,27|27,15,21|21,3,46|46,39,14|14,5,7|7,41,1|1,24,12|12,8,43|43,45,23|23,18,13|13,6,0|
method: def_initPop
seed: 297720
Instance: 1
best_fitness: 380.264
current_iteration: 2494
last_update_iteration: 267
current_time: 30.0071s
last_update_time: 3.21304s
largest_iteration_offset: 136
stalled_iterations: 2227
path_relink_time: 0s
num_path_relink_calls: 0
num_homogenities: 0
num_best_improvements: 0
num_elite_improvements: 0
num_exchanges: 0
num_shakes: 0
num_resets: 0
