Custom stopping criteria not supplied by the user. Using max. time = 15s and max. stall_offset = 0
Using 1 threads for decoding
initialization time: 0.0548945
best warm start solution: 1241.79
TSP tour:
0 71 64 73 26 27 35 37 63 51 43 50 29 54 32 9 46 58 72 66 56 5 62 44 47 61 74 3 42 7 30 41 2 23 11 24 18 6 53 4 45 17 60 70 10 52 67 31 22 1 57 69 65 15 21 49 8 25 36 28 38 16 39 14 13 55 40 12 48 34 68 33 20 59 19 
Operations:
0,29,46|46,72,66|66,44,47|47,61,74|74,3,42|42,7,30|30,41,23|23,11,18|18,53,4|4,31,22|22,1,57|57,65,21|21,49,8|8,25,36|36,16,13|13,55,12|12,48,33|33,59,19|20,59,0|
method: def_initPop
seed: 2700001
Instance: 1
best_fitness: 1175.34
current_iteration: 626
last_update_iteration: 349
current_time: 15.0025s
last_update_time: 8.31161s
largest_iteration_offset: 229
stalled_iterations: 277
path_relink_time: 0s
num_path_relink_calls: 0
num_homogenities: 0
num_best_improvements: 0
num_elite_improvements: 0
num_exchanges: 0
num_shakes: 0
num_resets: 0
