Custom stopping criteria not supplied by the user. Using max. time = 60s and max. stall_offset = 0
Using 1 threads for decoding
initialization time: 0.0727728
best warm start solution: 633.821
TSP tour:
0 19 72 94 15 51 80 2 7 93 5 16 71 31 32 77 37 81 88 96 40 57 23 47 14 70 78 49 64 98 75 1 42 13 67 36 66 84 68 8 85 89 62 35 6 99 44 55 25 27 91 95 29 56 73 17 10 61 20 39 3 9 74 54 45 76 28 21 58 41 83 59 33 79 43 90 92 50 22 86 34 63 18 53 46 24 12 30 97 65 69 82 38 48 4 26 60 52 87 11 
Operations:
0,19,15|15,80,2|2,7,93|93,5,16|16,71,32|32,37,81|81,88,40|40,57,23|23,47,14|14,78,64|64,98,42|42,13,66|66,84,85|85,62,35|35,6,99|99,44,27|27,91,29|29,56,73|73,17,10|10,61,20|20,39,3|3,9,54|54,45,76|76,28,21|21,58,41|41,83,33|33,79,43|43,50,22|22,86,34|34,18,53|53,46,24|24,97,65|65,69,38|38,48,4|4,26,60|60,52,87|87,11,0|
method: def_initPop
seed: 7515072
Instance: 1
best_fitness: 556.168
current_iteration: 2935
last_update_iteration: 497
current_time: 60.0007s
last_update_time: 9.81606s
largest_iteration_offset: 93
stalled_iterations: 2438
path_relink_time: 0s
num_path_relink_calls: 0
num_homogenities: 0
num_best_improvements: 0
num_elite_improvements: 0
num_exchanges: 0
num_shakes: 0
num_resets: 0
