Custom stopping criteria not supplied by the user. Using max. time = 30s and max. stall_offset = 0
Using 1 threads for decoding
initialization time: 0.188587
best warm start solution: 851.961
TSP tour:
0 23 58 47 37 6 43 54 70 24 14 65 3 73 31 16 71 52 50 32 64 69 46 5 8 44 7 18 55 51 33 9 17 21 25 42 56 15 10 30 57 61 4 63 13 28 19 74 40 41 36 59 26 49 20 2 29 60 53 34 72 38 12 35 48 11 45 39 27 1 22 67 62 68 66 
Operations:
0,23,37|37,43,70|70,3,73|73,52,50|50,32,64|64,69,46|46,8,44|44,7,18|18,55,9|9,17,21|21,25,42|42,56,15|56,15,10|10,30,61|61,4,63|63,28,19|19,59,2|2,29,60|60,34,72|72,38,12|12,48,11|11,39,27|27,1,22|22,62,68|68,66,0|
method: def_initPop
seed: 8434820
Instance: 1
best_fitness: 752.465
current_iteration: 1338
last_update_iteration: 253
current_time: 30.0061s
last_update_time: 5.56468s
largest_iteration_offset: 88
stalled_iterations: 1085
path_relink_time: 0s
num_path_relink_calls: 0
num_homogenities: 0
num_best_improvements: 0
num_elite_improvements: 0
num_exchanges: 0
num_shakes: 0
num_resets: 0
