Custom stopping criteria not supplied by the user. Using max. time = 60s and max. stall_offset = 0
Using 1 threads for decoding
initialization time: 0.00878742
best warm start solution: 596.02
TSP tour:
0 21 19 41 42 20 31 23 37 11 15 33 3 32 35 6 24 22 49 46 4 38 44 39 45 16 9 25 7 1 26 30 18 10 14 48 13 29 2 17 12 36 43 40 28 5 47 34 8 27 
Operations:
0,41,42|42,31,23|23,37,11|11,15,33|33,3,35|35,6,24|24,49,4|4,44,39|39,16,9|9,25,7|7,26,30|30,18,10|10,14,13|13,29,2|2,12,36|36,43,40|40,5,34|34,8,0|
method: def_initPop
seed: 2700001
Instance: 1
best_fitness: 534.859
current_iteration: 6683
last_update_iteration: 911
current_time: 60.0082s
last_update_time: 8.12522s
largest_iteration_offset: 261
stalled_iterations: 5772
path_relink_time: 0s
num_path_relink_calls: 0
num_homogenities: 0
num_best_improvements: 0
num_elite_improvements: 0
num_exchanges: 0
num_shakes: 0
num_resets: 0
