Custom stopping criteria not supplied by the user. Using max. time = 15s and max. stall_offset = 0
Using 1 threads for decoding
initialization time: 0.0288277
best warm start solution: 859.78
TSP tour:
0 10 6 34 13 11 26 33 29 19 14 27 44 17 32 28 39 16 18 36 35 25 43 37 30 5 9 38 42 2 12 41 45 15 20 23 31 49 4 24 48 46 7 1 3 40 47 8 21 22 
Operations:
0,10,6|6,34,13|13,11,26|26,33,19|19,14,27|27,44,17|17,32,28|28,18,36|36,25,43|43,37,30|30,5,38|38,42,2|2,12,41|41,20,23|23,31,49|49,24,48|4,24,46|46,7,1|1,3,40|40,8,21|21,22,0|
method: def_initPop
seed: 2700001
Instance: 1
best_fitness: 815.716
current_iteration: 1101
last_update_iteration: 312
current_time: 15.0136s
last_update_time: 4.21911s
largest_iteration_offset: 234
stalled_iterations: 789
path_relink_time: 0s
num_path_relink_calls: 0
num_homogenities: 0
num_best_improvements: 0
num_elite_improvements: 0
num_exchanges: 0
num_shakes: 0
num_resets: 0
