Custom stopping criteria not supplied by the user. Using max. time = 60s and max. stall_offset = 0
Using 1 threads for decoding
initialization time: 0.0424426
best warm start solution: 805.762
TSP tour:
0 6 12 25 23 8 69 4 39 31 37 36 10 44 2 13 59 41 70 63 72 46 62 1 24 65 22 52 73 14 61 42 71 9 27 51 58 33 45 3 26 47 66 34 5 53 67 15 48 60 64 35 50 49 38 28 20 18 74 7 30 29 54 19 32 68 40 43 11 55 16 21 57 17 56 
Operations:
0,6,12|12,25,23|23,8,69|69,4,39|39,31,37|37,2,59|59,70,63|63,72,46|46,62,1|1,24,65|65,22,14|14,61,71|71,9,58|58,33,45|45,3,66|66,34,5|5,67,15|15,60,35|35,49,20|20,18,74|74,7,30|30,19,32|32,40,43|43,55,16|16,21,0|
method: def_initPop
seed: 297720
Instance: 1
best_fitness: 702.625
current_iteration: 2611
last_update_iteration: 255
current_time: 60.0021s
last_update_time: 5.77631s
largest_iteration_offset: 83
stalled_iterations: 2356
path_relink_time: 0s
num_path_relink_calls: 0
num_homogenities: 0
num_best_improvements: 0
num_elite_improvements: 0
num_exchanges: 0
num_shakes: 0
num_resets: 0
