Custom stopping criteria not supplied by the user. Using max. time = 15s and max. stall_offset = 0
Using 1 threads for decoding
initialization time: 0.0747821
best warm start solution: 535.695
TSP tour:
0 67 37 72 31 4 28 74 33 43 21 61 49 6 7 30 44 63 23 70 10 14 27 29 26 13 35 54 32 59 24 57 47 38 5 3 65 58 34 11 25 68 71 51 73 20 19 17 55 18 46 48 40 69 66 64 1 56 53 45 60 15 36 22 9 42 62 50 39 8 12 41 52 2 16 
Operations:
0,67,37|37,72,31|31,4,28|28,74,33|33,43,21|21,61,7|7,30,44|44,63,23|23,70,10|10,14,27|27,29,26|26,13,35|35,54,32|54,32,59|59,24,47|47,38,5|5,3,58|58,34,11|11,25,68|68,51,73|73,19,17|17,55,18|55,18,46|46,40,69|69,64,1|1,56,53|53,45,60|60,36,22|22,9,42|42,62,50|50,8,12|12,41,52|52,2,16|16,-1,0|
method: def_initPop
seed: 297720
Instance: 1
best_fitness: 429.641
current_iteration: 789
last_update_iteration: 283
current_time: 15.0047s
last_update_time: 5.35867s
largest_iteration_offset: 102
stalled_iterations: 506
path_relink_time: 0s
num_path_relink_calls: 0
num_homogenities: 0
num_best_improvements: 0
num_elite_improvements: 0
num_exchanges: 0
num_shakes: 0
num_resets: 0
