Custom stopping criteria not supplied by the user. Using max. time = 15s and max. stall_offset = 0
Using 1 threads for decoding
initialization time: 0.0659595
best warm start solution: 535.695
TSP tour:
0 8 37 67 72 31 4 28 74 33 43 21 49 14 6 30 23 7 44 63 61 10 70 27 26 13 35 54 32 59 29 57 24 47 5 38 65 34 58 11 25 68 51 71 73 20 19 17 18 55 46 48 40 66 56 1 64 53 45 60 3 15 36 22 9 62 42 50 39 69 12 41 52 2 16 
Operations:
0,8,37|37,72,31|31,4,28|28,74,33|33,43,21|21,14,6|6,23,7|7,44,63|63,61,10|10,70,26|26,13,35|35,54,32|54,32,59|59,29,57|57,24,5|5,38,65|65,34,11|11,25,68|68,51,71|71,73,20|73,19,17|17,18,46|46,40,66|66,56,1|1,64,53|53,45,60|60,3,15|15,36,9|9,62,50|50,69,12|12,41,52|52,2,16|16,-1,0|
method: def_initPop
seed: 7515072
Instance: 1
best_fitness: 427.195
current_iteration: 791
last_update_iteration: 317
current_time: 15.0052s
last_update_time: 5.99876s
largest_iteration_offset: 53
stalled_iterations: 474
path_relink_time: 0s
num_path_relink_calls: 0
num_homogenities: 0
num_best_improvements: 0
num_elite_improvements: 0
num_exchanges: 0
num_shakes: 0
num_resets: 0
