Custom stopping criteria not supplied by the user. Using max. time = 60s and max. stall_offset = 0
Using 1 threads for decoding
initialization time: 0.0611094
best warm start solution: 1011.59
TSP tour:
0 17 26 40 11 53 35 31 67 28 49 25 9 58 39 32 74 34 20 36 64 27 52 60 45 24 7 29 47 73 70 43 14 2 72 41 55 4 56 54 8 69 19 6 5 1 51 61 22 21 3 57 38 65 37 63 15 30 48 62 68 44 50 23 71 18 16 46 66 42 10 59 12 33 13 
Operations:
0,26,40|40,31,67|67,28,49|49,25,9|9,58,74|74,34,20|20,36,64|64,27,7|7,29,47|47,73,70|70,43,14|14,2,72|72,41,55|55,4,56|56,8,69|54,8,19|19,51,21|21,3,57|57,38,65|65,37,63|37,63,15|15,30,48|48,62,68|68,44,50|50,23,16|16,46,66|66,42,10|10,59,33|33,13,0|
method: def_initPop
seed: 2700001
Instance: 1
best_fitness: 930.347
current_iteration: 2503
last_update_iteration: 243
current_time: 60.006s
last_update_time: 5.72402s
largest_iteration_offset: 119
stalled_iterations: 2260
path_relink_time: 0s
num_path_relink_calls: 0
num_homogenities: 0
num_best_improvements: 0
num_elite_improvements: 0
num_exchanges: 0
num_shakes: 0
num_resets: 0
