Custom stopping criteria not supplied by the user. Using max. time = 240s and max. stall_offset = 0
Using 1 threads for decoding
initialization time: 0.0290684
best warm start solution: 974.351
TSP tour:
0 6 10 34 13 26 29 5 19 33 27 14 44 17 32 28 18 39 16 36 25 35 43 37 30 9 38 42 2 12 41 45 20 15 31 23 24 49 4 48 46 7 1 3 40 47 21 8 11 22 
Operations:
0,34,26|26,33,14|14,32,28|28,18,9|9,2,12|12,20,47|47,22,0|
method: def_initPop
seed: 7515072
Instance: 1
best_fitness: 968.019
current_iteration: 11719
last_update_iteration: 102
current_time: 240.004s
last_update_time: 1.98127s
largest_iteration_offset: 84
stalled_iterations: 11617
path_relink_time: 0s
num_path_relink_calls: 0
num_homogenities: 0
num_best_improvements: 0
num_elite_improvements: 0
num_exchanges: 0
num_shakes: 0
num_resets: 0
