Custom stopping criteria not supplied by the user. Using max. time = 60s and max. stall_offset = 0
Using 1 threads for decoding
initialization time: 0.0152541
best warm start solution: 762.539
TSP tour:
0 12 21 27 29 17 16 34 37 33 35 6 45 22 47 49 1 9 43 25 13 2 38 20 5 32 28 19 24 3 42 36 30 14 23 8 44 18 26 31 15 11 39 7 41 4 40 10 48 46 
Operations:
0,21,27|27,6,43|43,13,28|28,18,31|31,15,41|41,40,46|46,-1,0|
method: def_initPop
seed: 297720
Instance: 1
best_fitness: 695.879
current_iteration: 4337
last_update_iteration: 158
current_time: 60.0063s
last_update_time: 2.13435s
largest_iteration_offset: 63
stalled_iterations: 4179
path_relink_time: 0s
num_path_relink_calls: 0
num_homogenities: 0
num_best_improvements: 0
num_elite_improvements: 0
num_exchanges: 0
num_shakes: 0
num_resets: 0
