Custom stopping criteria not supplied by the user. Using max. time = 15s and max. stall_offset = 0
Using 1 threads for decoding
initialization time: 0.0321198
best warm start solution: 1101.01
TSP tour:
0 22 41 9 3 10 31 18 36 24 48 34 26 11 17 27 8 39 40 37 21 16 4 7 28 20 15 23 47 35 38 14 44 25 33 1 46 2 12 32 45 42 29 30 5 6 43 49 13 19 
Operations:
0,41,3|3,10,36|36,48,27|24,40,37|37,21,35|35,44,25|25,46,2|2,45,49|49,19,0|
method: def_initPop
seed: 7515072
Instance: 1
best_fitness: 1082.08
current_iteration: 762
last_update_iteration: 160
current_time: 15.0081s
last_update_time: 3.09169s
largest_iteration_offset: 71
stalled_iterations: 602
path_relink_time: 0s
num_path_relink_calls: 0
num_homogenities: 0
num_best_improvements: 0
num_elite_improvements: 0
num_exchanges: 0
num_shakes: 0
num_resets: 0
