Custom stopping criteria not supplied by the user. Using max. time = 15s and max. stall_offset = 0
Using 1 threads for decoding
initialization time: 0.029364
best warm start solution: 1101.01
TSP tour:
0 22 41 3 10 25 31 18 36 24 48 34 26 11 17 40 8 39 27 37 16 4 7 28 20 15 35 23 21 47 38 14 44 33 1 46 2 32 45 42 29 12 30 5 6 43 9 49 13 19 
Operations:
0,25,31|31,40,39|39,27,28|28,35,23|23,21,46|46,45,43|43,9,19|19,-1,0|
method: def_initPop
seed: 8434820
Instance: 1
best_fitness: 1088.05
current_iteration: 764
last_update_iteration: 108
current_time: 15.0019s
last_update_time: 2.07009s
largest_iteration_offset: 66
stalled_iterations: 656
path_relink_time: 0s
num_path_relink_calls: 0
num_homogenities: 0
num_best_improvements: 0
num_elite_improvements: 0
num_exchanges: 0
num_shakes: 0
num_resets: 0
