Custom stopping criteria not supplied by the user. Using max. time = 60s and max. stall_offset = 0
Using 1 threads for decoding
initialization time: 0.0198633
best warm start solution: 402.256
TSP tour:
0 48 7 16 6 27 35 25 26 20 18 36 2 14 31 29 9 47 8 21 4 10 40 3 41 12 19 44 45 33 23 24 30 38 39 11 37 17 5 1 22 43 49 34 13 28 42 32 15 46 
Operations:
0,48,7|7,16,27|27,35,25|25,26,20|20,18,36|36,2,31|31,29,47|47,21,4|4,10,40|40,3,41|41,19,44|44,33,23|23,24,30|30,38,39|39,11,37|37,17,5|5,1,22|22,43,49|49,34,28|28,42,32|32,15,0|
method: def_initPop
seed: 297720
Instance: 1
best_fitness: 345.427
current_iteration: 5069
last_update_iteration: 293
current_time: 60.0112s
last_update_time: 3.46736s
largest_iteration_offset: 91
stalled_iterations: 4776
path_relink_time: 0s
num_path_relink_calls: 0
num_homogenities: 0
num_best_improvements: 0
num_elite_improvements: 0
num_exchanges: 0
num_shakes: 0
num_resets: 0
