Custom stopping criteria not supplied by the user. Using max. time = 120s and max. stall_offset = 0
Using 1 threads for decoding
initialization time: 0.0432746
best warm start solution: 549.238
TSP tour:
0 53 61 16 9 32 37 36 70 3 43 17 18 51 1 35 66 30 38 69 60 55 40 28 63 58 26 24 71 72 74 54 22 8 50 27 59 19 52 34 20 49 47 64 65 5 29 14 42 23 48 46 73 2 31 56 67 44 39 13 57 12 11 62 15 7 33 68 41 4 45 10 25 6 21 
Operations:
0,61,16|16,32,37|37,70,17|17,18,51|51,1,66|66,38,69|69,60,55|55,40,28|28,26,24|24,74,22|22,50,27|27,59,19|19,34,20|20,49,64|64,65,5|5,29,42|42,23,48|48,46,56|56,67,44|44,12,15|15,7,33|33,68,41|41,4,45|45,10,25|25,6,0|
method: def_initPop
seed: 1764168
Instance: 1
best_fitness: 467.861
current_iteration: 5394
last_update_iteration: 262
current_time: 120.016s
last_update_time: 5.73192s
largest_iteration_offset: 69
stalled_iterations: 5132
path_relink_time: 0s
num_path_relink_calls: 0
num_homogenities: 0
num_best_improvements: 0
num_elite_improvements: 0
num_exchanges: 0
num_shakes: 0
num_resets: 0
