Custom stopping criteria not supplied by the user. Using max. time = 15s and max. stall_offset = 0
Using 1 threads for decoding
initialization time: 0.105849
best warm start solution: 1293.37
TSP tour:
0 37 6 17 82 35 19 87 88 72 40 28 13 98 22 61 92 93 16 2 96 29 68 47 44 9 63 48 51 66 67 75 30 49 86 21 85 80 23 70 38 95 32 59 5 27 60 55 43 83 91 77 54 33 12 1 34 73 79 65 26 4 76 31 42 74 90 58 94 99 24 10 62 50 45 52 89 56 78 14 15 97 11 53 46 57 64 69 25 39 8 18 3 71 7 20 84 41 81 36 
Operations:
0,37,6|37,6,17|17,72,28|28,98,92|92,93,16|16,2,96|96,29,68|68,44,9|9,63,48|48,66,67|67,75,30|30,49,21|21,85,80|85,70,38|38,95,5|5,43,83|83,34,79|79,65,26|26,4,42|42,74,90|90,58,94|94,24,10|10,50,45|45,52,89|89,56,14|14,97,53|53,57,64|64,25,39|39,8,18|18,71,7|7,20,84|84,41,81|81,36,0|
method: def_initPop
seed: 7515072
Instance: 1
best_fitness: 1078.52
current_iteration: 493
last_update_iteration: 151
current_time: 15.0199s
last_update_time: 4.47037s
largest_iteration_offset: 56
stalled_iterations: 342
path_relink_time: 0s
num_path_relink_calls: 0
num_homogenities: 0
num_best_improvements: 0
num_elite_improvements: 0
num_exchanges: 0
num_shakes: 0
num_resets: 0
