Custom stopping criteria not supplied by the user. Using max. time = 120s and max. stall_offset = 0
Using 1 threads for decoding
initialization time: 0.0198397
best warm start solution: 407.002
TSP tour:
0 48 6 35 27 15 25 20 18 2 29 36 14 9 31 21 47 8 10 4 26 40 3 12 41 44 19 45 23 33 24 30 38 39 37 11 17 16 42 1 5 49 22 13 43 28 34 32 46 7 
Operations:
0,48,6|6,35,27|27,15,20|20,18,2|2,36,14|14,9,31|31,21,8|8,10,40|40,3,12|12,41,44|44,19,33|33,24,30|30,38,39|39,11,17|17,16,42|42,1,5|5,49,22|22,43,28|28,34,46|46,7,0|
method: def_initPop
seed: 8434820
Instance: 1
best_fitness: 380.069
current_iteration: 9362
last_update_iteration: 154
current_time: 120.006s
last_update_time: 1.97999s
largest_iteration_offset: 44
stalled_iterations: 9208
path_relink_time: 0s
num_path_relink_calls: 0
num_homogenities: 0
num_best_improvements: 0
num_elite_improvements: 0
num_exchanges: 0
num_shakes: 0
num_resets: 0
