Custom stopping criteria not supplied by the user. Using max. time = 15s and max. stall_offset = 0
Using 1 threads for decoding
initialization time: 0.0272934
best warm start solution: 1023.72
TSP tour:
0 10 40 42 7 38 33 19 48 29 4 3 41 47 35 13 14 8 34 39 44 37 23 45 21 15 5 25 20 16 18 31 17 12 9 30 1 22 24 26 32 27 43 2 49 11 28 6 36 46 
Operations:
0,40,41|41,34,37|37,45,20|20,16,12|12,28,36|9,22,24|24,28,0|
method: def_initPop
seed: 7515072
Instance: 1
best_fitness: 982.203
current_iteration: 756
last_update_iteration: 90
current_time: 15.0034s
last_update_time: 1.72653s
largest_iteration_offset: 49
stalled_iterations: 666
path_relink_time: 0s
num_path_relink_calls: 0
num_homogenities: 0
num_best_improvements: 0
num_elite_improvements: 0
num_exchanges: 0
num_shakes: 0
num_resets: 0
