Custom stopping criteria not supplied by the user. Using max. time = 15s and max. stall_offset = 0
Using 1 threads for decoding
initialization time: 0.0471188
best warm start solution: 501.609
TSP tour:
0 21 44 2 11 40 33 6 24 17 19 15 32 28 12 30 25 18 36 49 16 14 46 34 45 48 41 8 37 22 23 43 26 13 42 31 39 7 20 47 27 38 10 29 5 3 9 35 1 4 
Operations:
0,21,24|24,17,19|19,15,32|32,30,25|25,36,49|49,16,14|14,45,41|41,8,43|43,26,13|13,31,39|39,7,20|20,47,38|38,10,29|29,5,3|3,35,1|1,4,0|
method: def_initPop
seed: 297720
Instance: 1
best_fitness: 392.203
current_iteration: 1226
last_update_iteration: 309
current_time: 15.0057s
last_update_time: 3.78857s
largest_iteration_offset: 92
stalled_iterations: 917
path_relink_time: 0s
num_path_relink_calls: 0
num_homogenities: 0
num_best_improvements: 0
num_elite_improvements: 0
num_exchanges: 0
num_shakes: 0
num_resets: 0
