Custom stopping criteria not supplied by the user. Using max. time = 15s and max. stall_offset = 0
Using 1 threads for decoding
initialization time: 0.0372922
best warm start solution: 501.609
TSP tour:
0 44 2 11 40 9 21 33 3 24 6 32 5 19 15 28 12 25 18 14 45 46 34 48 41 8 37 22 23 43 26 13 42 47 7 39 20 27 10 38 30 29 17 31 16 49 35 36 4 1 
Operations:
0,21,33|33,3,6|6,5,14|14,45,41|41,8,43|43,26,13|13,47,20|20,10,38|38,29,17|17,35,0|
method: def_initPop
seed: 1764168
Instance: 1
best_fitness: 395.016
current_iteration: 1168
last_update_iteration: 199
current_time: 15.0042s
last_update_time: 2.55136s
largest_iteration_offset: 45
stalled_iterations: 969
path_relink_time: 0s
num_path_relink_calls: 0
num_homogenities: 0
num_best_improvements: 0
num_elite_improvements: 0
num_exchanges: 0
num_shakes: 0
num_resets: 0
