Custom stopping criteria not supplied by the user. Using max. time = 15s and max. stall_offset = 0
Using 1 threads for decoding
initialization time: 0.0371962
best warm start solution: 501.609
TSP tour:
0 2 44 11 40 33 9 28 12 5 25 15 32 19 24 6 21 29 10 3 18 35 36 34 46 48 45 41 37 23 22 43 26 13 42 39 20 47 7 27 30 38 17 16 31 14 49 4 8 1 
Operations:
0,2,44|44,11,40|40,5,32|32,21,29|29,10,3|3,35,36|36,45,41|41,37,23|23,22,43|43,26,13|13,47,7|7,27,30|30,38,16|16,31,14|14,8,0|
method: def_initPop
seed: 8434820
Instance: 1
best_fitness: 401.255
current_iteration: 1195
last_update_iteration: 121
current_time: 15.0089s
last_update_time: 1.50968s
largest_iteration_offset: 32
stalled_iterations: 1074
path_relink_time: 0s
num_path_relink_calls: 0
num_homogenities: 0
num_best_improvements: 0
num_elite_improvements: 0
num_exchanges: 0
num_shakes: 0
num_resets: 0
