Custom stopping criteria not supplied by the user. Using max. time = 240s and max. stall_offset = 0
Using 1 threads for decoding
initialization time: 0.0276369
best warm start solution: 846.71
TSP tour:
0 13 10 1 6 15 46 32 28 39 3 38 9 49 40 41 19 45 26 7 21 27 11 23 30 22 12 5 24 44 36 33 48 14 34 18 16 17 2 31 8 25 29 42 47 43 20 4 37 35 
Operations:
0,13,10|13,10,1|1,6,32|32,28,39|39,38,9|9,49,41|41,45,26|26,21,11|11,23,30|30,12,5|22,12,24|24,44,36|36,33,48|48,14,2|2,29,42|42,4,35|47,4,0|
method: def_initPop
seed: 7515072
Instance: 1
best_fitness: 768.007
current_iteration: 17510
last_update_iteration: 118
current_time: 240.009s
last_update_time: 1.59418s
largest_iteration_offset: 48
stalled_iterations: 17392
path_relink_time: 0s
num_path_relink_calls: 0
num_homogenities: 0
num_best_improvements: 0
num_elite_improvements: 0
num_exchanges: 0
num_shakes: 0
num_resets: 0
