Custom stopping criteria not supplied by the user. Using max. time = 30s and max. stall_offset = 0
Using 1 threads for decoding
initialization time: 0.0290826
best warm start solution: 486.781
TSP tour:
0 4 39 10 14 16 24 40 17 28 7 2 5 20 42 38 6 41 45 21 27 31 12 48 30 37 36 34 26 13 33 29 19 3 9 1 49 32 44 8 22 47 35 18 11 23 15 46 43 25 
Operations:
0,10,14|14,7,2|2,5,37|37,34,19|19,9,35|35,46,0|
method: def_initPop
seed: 297720
Instance: 1
best_fitness: 469.704
current_iteration: 1518
last_update_iteration: 115
current_time: 30.0181s
last_update_time: 2.20875s
largest_iteration_offset: 74
stalled_iterations: 1403
path_relink_time: 0s
num_path_relink_calls: 0
num_homogenities: 0
num_best_improvements: 0
num_elite_improvements: 0
num_exchanges: 0
num_shakes: 0
num_resets: 0
