Custom stopping criteria not supplied by the user. Using max. time = 30s and max. stall_offset = 0
Using 1 threads for decoding
initialization time: 0.0291217
best warm start solution: 486.781
TSP tour:
0 4 39 10 14 16 24 40 17 7 28 2 42 5 20 38 34 30 37 36 26 13 33 29 19 3 9 1 49 32 48 12 31 27 21 41 45 44 8 22 6 47 35 11 18 23 15 46 43 25 
Operations:
0,10,14|14,7,2|2,5,33|33,9,32|32,27,41|41,6,35|35,46,0|
method: def_initPop
seed: 2700001
Instance: 1
best_fitness: 476.533
current_iteration: 1524
last_update_iteration: 133
current_time: 30.0046s
last_update_time: 2.53999s
largest_iteration_offset: 81
stalled_iterations: 1391
path_relink_time: 0s
num_path_relink_calls: 0
num_homogenities: 0
num_best_improvements: 0
num_elite_improvements: 0
num_exchanges: 0
num_shakes: 0
num_resets: 0
