Custom stopping criteria not supplied by the user. Using max. time = 15s and max. stall_offset = 0
Using 1 threads for decoding
initialization time: 0.0365704
best warm start solution: 934.327
TSP tour:
0 3 41 10 31 25 36 18 24 34 48 26 11 17 27 8 20 39 40 37 21 16 4 7 28 23 15 47 35 38 44 14 33 2 1 46 30 12 32 45 29 42 49 43 6 9 5 22 19 13 
Operations:
0,3,41|41,10,31|31,25,36|36,18,34|34,48,26|26,11,17|17,27,8|8,20,39|39,40,37|37,21,4|4,7,28|28,23,15|15,47,35|35,38,44|44,14,33|33,2,1|1,46,30|30,45,29|29,42,49|49,6,9|9,5,22|22,13,0|
method: def_initPop
seed: 297720
Instance: 1
best_fitness: 830.959
current_iteration: 1236
last_update_iteration: 262
current_time: 15.0073s
last_update_time: 3.17845s
largest_iteration_offset: 95
stalled_iterations: 974
path_relink_time: 0s
num_path_relink_calls: 0
num_homogenities: 0
num_best_improvements: 0
num_elite_improvements: 0
num_exchanges: 0
num_shakes: 0
num_resets: 0
