Custom stopping criteria not supplied by the user. Using max. time = 120s and max. stall_offset = 0
Using 1 threads for decoding
initialization time: 0.0155671
best warm start solution: 474.155
TSP tour:
0 38 22 4 13 45 3 31 18 16 23 39 12 48 2 19 1 46 36 10 9 24 5 6 27 11 14 17 40 20 41 28 44 37 25 26 42 7 47 35 30 34 33 8 49 15 43 21 29 32 
Operations:
0,38,22|22,4,13|13,45,3|3,31,18|18,16,23|23,39,12|12,48,2|2,19,46|46,10,9|9,24,5|5,6,27|27,11,40|40,20,41|41,44,37|37,25,26|26,42,7|7,47,35|35,34,33|33,49,15|15,43,21|21,29,0|
method: def_initPop
seed: 297720
Instance: 1
best_fitness: 432.851
current_iteration: 9474
last_update_iteration: 658
current_time: 120.004s
last_update_time: 8.39427s
largest_iteration_offset: 365
stalled_iterations: 8816
path_relink_time: 0s
num_path_relink_calls: 0
num_homogenities: 0
num_best_improvements: 0
num_elite_improvements: 0
num_exchanges: 0
num_shakes: 0
num_resets: 0
