Custom stopping criteria not supplied by the user. Using max. time = 30s and max. stall_offset = 0
Using 1 threads for decoding
initialization time: 0.0392998
best warm start solution: 1246.73
TSP tour:
0 72 7 23 46 22 5 27 19 56 10 35 3 47 18 37 44 58 11 43 40 6 69 30 63 38 25 62 42 68 52 66 4 51 74 36 17 32 71 39 13 65 24 48 34 61 2 67 49 29 73 50 21 16 26 45 15 14 57 33 8 59 55 28 12 70 1 31 9 60 64 54 53 41 20 
Operations:
0,7,23|72,56,10|10,47,11|11,43,42|42,68,4|4,74,32|32,13,48|48,29,73|73,45,15|15,14,55|55,70,0|
method: def_initPop
seed: 297720
Instance: 1
best_fitness: 1197.66
current_iteration: 745
last_update_iteration: 152
current_time: 30.0189s
last_update_time: 5.89253s
largest_iteration_offset: 57
stalled_iterations: 593
path_relink_time: 0s
num_path_relink_calls: 0
num_homogenities: 0
num_best_improvements: 0
num_elite_improvements: 0
num_exchanges: 0
num_shakes: 0
num_resets: 0
