Custom stopping criteria not supplied by the user. Using max. time = 30s and max. stall_offset = 0
Using 1 threads for decoding
initialization time: 0.0490005
best warm start solution: 816.538
TSP tour:
0 49 59 71 40 15 34 74 66 18 9 30 17 45 72 27 55 4 2 20 43 37 32 13 46 8 51 64 21 28 57 53 11 54 3 1 60 70 5 35 6 12 24 42 7 29 56 48 68 50 47 73 67 10 44 38 36 19 16 31 63 33 26 22 25 61 58 14 65 23 39 52 62 69 41 
Operations:
0,49,71|71,40,15|15,34,66|66,9,17|17,45,72|72,4,2|2,20,43|43,32,46|46,8,51|51,64,21|21,57,54|54,3,60|60,5,35|35,6,12|12,24,29|29,56,48|48,68,47|47,73,67|67,10,38|38,36,19|19,16,63|63,26,22|22,58,65|65,23,52|52,62,69|69,41,0|
method: def_initPop
seed: 8434820
Instance: 1
best_fitness: 717.795
current_iteration: 1356
last_update_iteration: 436
current_time: 30.008s
last_update_time: 9.61182s
largest_iteration_offset: 264
stalled_iterations: 920
path_relink_time: 0s
num_path_relink_calls: 0
num_homogenities: 0
num_best_improvements: 0
num_elite_improvements: 0
num_exchanges: 0
num_shakes: 0
num_resets: 0
