Custom stopping criteria not supplied by the user. Using max. time = 15s and max. stall_offset = 0
Using 1 threads for decoding
initialization time: 0.0207861
best warm start solution: 870.07
TSP tour:
0 17 28 25 37 43 49 2 44 45 29 18 9 32 42 34 8 20 48 14 36 21 13 38 27 35 5 46 19 4 22 40 24 10 33 11 3 26 23 30 16 1 7 6 39 41 31 47 12 15 
Operations:
0,28,25|25,49,2|2,44,45|45,29,18|18,9,32|32,42,20|20,48,14|14,38,35|35,5,19|19,4,40|40,24,10|10,33,3|3,26,23|23,30,1|1,7,6|6,39,41|41,31,47|47,12,0|
method: def_initPop
seed: 297720
Instance: 1
best_fitness: 748.912
current_iteration: 1219
last_update_iteration: 213
current_time: 15.0026s
last_update_time: 2.60221s
largest_iteration_offset: 45
stalled_iterations: 1006
path_relink_time: 0s
num_path_relink_calls: 0
num_homogenities: 0
num_best_improvements: 0
num_elite_improvements: 0
num_exchanges: 0
num_shakes: 0
num_resets: 0
