Custom stopping criteria not supplied by the user. Using max. time = 15s and max. stall_offset = 0
Using 1 threads for decoding
initialization time: 0.0208436
best warm start solution: 870.07
TSP tour:
0 17 29 25 28 37 43 2 44 18 45 8 32 34 9 20 48 14 40 36 13 21 5 35 46 19 27 22 4 24 33 30 11 10 26 3 38 23 16 1 6 7 41 39 31 12 49 47 42 15 
Operations:
0,29,25|25,28,43|43,2,44|44,18,8|8,32,34|34,9,20|20,48,14|14,40,36|36,13,21|21,5,35|35,46,19|19,27,22|22,4,24|24,30,10|10,26,3|3,38,6|6,7,39|39,31,12|12,49,47|47,42,0|
method: def_initPop
seed: 2700001
Instance: 1
best_fitness: 741.638
current_iteration: 1228
last_update_iteration: 419
current_time: 15.0047s
last_update_time: 5.12672s
largest_iteration_offset: 146
stalled_iterations: 809
path_relink_time: 0s
num_path_relink_calls: 0
num_homogenities: 0
num_best_improvements: 0
num_elite_improvements: 0
num_exchanges: 0
num_shakes: 0
num_resets: 0
