Custom stopping criteria not supplied by the user. Using max. time = 120s and max. stall_offset = 0
Using 1 threads for decoding
initialization time: 0.0532245
best warm start solution: 1212.68
TSP tour:
0 71 62 26 35 63 58 37 51 43 50 32 46 9 29 54 56 66 5 27 73 44 64 74 3 42 61 7 30 41 2 11 23 53 24 18 6 69 45 17 4 60 70 10 67 52 31 22 1 57 65 15 16 21 25 8 49 36 28 39 38 14 72 13 40 48 55 12 34 68 47 59 33 20 19 
Operations:
0,62,35|35,58,32|32,46,9|9,29,56|56,66,5|5,27,73|73,44,74|74,61,30|30,41,2|2,11,23|23,53,24|24,69,45|45,17,60|60,67,52|52,31,22|22,1,57|57,65,15|15,16,8|8,49,36|36,28,39|39,38,14|14,72,40|40,55,12|12,47,0|
method: def_initPop
seed: 7515072
Instance: 1
best_fitness: 1014.24
current_iteration: 5573
last_update_iteration: 353
current_time: 120s
last_update_time: 7.48548s
largest_iteration_offset: 48
stalled_iterations: 5220
path_relink_time: 0s
num_path_relink_calls: 0
num_homogenities: 0
num_best_improvements: 0
num_elite_improvements: 0
num_exchanges: 0
num_shakes: 0
num_resets: 0
