Custom stopping criteria not supplied by the user. Using max. time = 15s and max. stall_offset = 0
Using 1 threads for decoding
initialization time: 0.0409158
best warm start solution: 816.538
TSP tour:
0 71 59 40 15 74 34 45 4 2 20 55 27 72 17 9 18 66 30 24 6 12 42 70 7 29 49 56 48 68 50 47 67 73 1 10 35 60 3 5 57 54 11 44 38 36 28 53 21 51 8 64 32 46 37 13 58 43 23 41 69 62 52 39 65 14 61 16 25 22 63 31 33 19 26 
Operations:
0,71,59|59,40,15|15,74,34|74,4,2|2,20,55|55,27,72|72,9,18|18,30,24|24,6,12|12,70,48|48,68,47|47,67,73|73,1,10|10,3,5|5,57,54|54,11,44|44,38,36|38,36,28|28,53,21|21,8,64|64,32,46|46,37,13|13,43,23|23,41,69|69,62,52|52,65,14|14,16,25|25,31,33|33,19,0|
method: def_initPop
seed: 297720
Instance: 1
best_fitness: 722.545
current_iteration: 682
last_update_iteration: 259
current_time: 15.0048s
last_update_time: 5.66741s
largest_iteration_offset: 93
stalled_iterations: 423
path_relink_time: 0s
num_path_relink_calls: 0
num_homogenities: 0
num_best_improvements: 0
num_elite_improvements: 0
num_exchanges: 0
num_shakes: 0
num_resets: 0
