Custom stopping criteria not supplied by the user. Using max. time = 240s and max. stall_offset = 0
Using 1 threads for decoding
initialization time: 0.0940614
best warm start solution: 506.624
TSP tour:
0 9 49 61 40 38 7 50 45 8 5 53 32 60 27 15 35 42 57 47 55 18 31 22 48 4 37 68 72 44 17 30 39 51 25 41 58 65 69 70 64 19 73 20 56 46 29 23 26 3 13 6 74 59 43 11 24 66 54 16 33 14 52 67 21 2 28 10 34 63 12 62 71 36 1 
Operations:
0,9,49|49,61,40|40,38,7|7,50,45|45,53,32|32,35,42|42,57,47|47,55,18|18,31,22|22,48,4|4,72,44|44,17,39|39,51,25|25,41,58|58,65,69|69,70,64|64,19,73|73,20,46|46,29,23|23,26,3|3,13,74|74,59,43|43,11,24|24,54,16|16,14,67|67,21,2|2,28,10|10,34,63|63,12,62|62,71,36|36,1,0|
method: def_initPop
seed: 1764168
Instance: 1
best_fitness: 411.901
current_iteration: 12442
last_update_iteration: 184
current_time: 240.01s
last_update_time: 3.49802s
largest_iteration_offset: 44
stalled_iterations: 12258
path_relink_time: 0s
num_path_relink_calls: 0
num_homogenities: 0
num_best_improvements: 0
num_elite_improvements: 0
num_exchanges: 0
num_shakes: 0
num_resets: 0
