Custom stopping criteria not supplied by the user. Using max. time = 60s and max. stall_offset = 0
Using 1 threads for decoding
initialization time: 0.0326393
best warm start solution: 614.438
TSP tour:
0 49 19 33 11 51 38 41 28 45 50 58 34 46 74 22 31 63 40 7 9 42 39 17 54 60 13 26 3 15 36 65 6 30 72 43 12 20 64 69 61 8 1 5 68 25 59 24 4 27 71 56 2 70 66 23 21 67 62 32 57 29 35 52 18 37 14 44 16 47 73 53 48 10 55 
Operations:
0,33,11|11,-1,51|51,38,45|45,46,63|63,-1,40|40,42,39|39,60,13|13,26,65|65,43,20|20,8,25|25,59,71|71,56,21|21,14,44|44,-1,16|16,47,10|10,-1,55|55,-1,0|
method: def_initPop
seed: 297720
Instance: 1
best_fitness: 604.246
current_iteration: 2197
last_update_iteration: 280
current_time: 60.0293s
last_update_time: 7.64031s
largest_iteration_offset: 78
stalled_iterations: 1917
path_relink_time: 0s
num_path_relink_calls: 0
num_homogenities: 0
num_best_improvements: 0
num_elite_improvements: 0
num_exchanges: 0
num_shakes: 0
num_resets: 0
