Custom stopping criteria not supplied by the user. Using max. time = 30s and max. stall_offset = 0
Using 1 threads for decoding
initialization time: 0.0394841
best warm start solution: 1101.01
TSP tour:
0 22 41 31 18 36 24 48 34 26 11 17 27 40 8 39 37 16 4 21 7 28 20 15 23 47 35 38 44 14 25 33 10 1 46 2 3 12 32 42 29 45 30 5 6 43 9 49 13 19 
Operations:
0,31,36|36,40,39|24,40,37|37,21,47|16,21,35|35,44,25|25,10,1|1,3,12|12,45,19|19,-1,0|
method: def_initPop
seed: 2700001
Instance: 1
best_fitness: 1076.12
current_iteration: 1507
last_update_iteration: 190
current_time: 30.0192s
last_update_time: 3.68119s
largest_iteration_offset: 93
stalled_iterations: 1317
path_relink_time: 0s
num_path_relink_calls: 0
num_homogenities: 0
num_best_improvements: 0
num_elite_improvements: 0
num_exchanges: 0
num_shakes: 0
num_resets: 0
