Custom stopping criteria not supplied by the user. Using max. time = 15s and max. stall_offset = 0
Using 1 threads for decoding
initialization time: 0.0289364
best warm start solution: 470.537
TSP tour:
0 28 7 37 31 26 24 4 32 25 1 46 15 18 45 33 2 20 48 42 35 36 3 16 43 22 41 39 21 9 30 34 14 49 23 8 19 5 17 47 10 27 40 11 29 44 12 13 38 6 
Operations:
0,7,37|37,31,26|26,24,32|32,25,1|1,46,15|15,45,33|33,2,48|48,42,35|42,35,36|36,3,43|43,22,41|41,34,14|14,49,23|23,8,17|17,47,10|10,27,40|40,11,29|29,44,12|12,13,0|
method: def_initPop
seed: 2700001
Instance: 1
best_fitness: 427.141
current_iteration: 1137
last_update_iteration: 401
current_time: 15.0028s
last_update_time: 5.29179s
largest_iteration_offset: 221
stalled_iterations: 736
path_relink_time: 0s
num_path_relink_calls: 0
num_homogenities: 0
num_best_improvements: 0
num_elite_improvements: 0
num_exchanges: 0
num_shakes: 0
num_resets: 0
