Custom stopping criteria not supplied by the user. Using max. time = 15s and max. stall_offset = 0
Using 1 threads for decoding
initialization time: 0.0204552
best warm start solution: 470.537
TSP tour:
0 35 3 41 43 16 22 36 48 42 2 20 33 45 18 15 46 1 25 32 24 4 26 31 37 7 13 11 40 10 19 8 23 49 14 34 30 9 21 39 5 17 47 27 44 12 29 38 6 28 
Operations:
0,35,3|3,41,43|43,22,36|36,48,42|42,2,33|33,45,15|15,46,1|1,25,32|32,24,26|26,31,37|37,7,11|11,8,23|23,49,14|14,34,12|12,29,6|6,28,0|
method: def_initPop
seed: 7515072
Instance: 1
best_fitness: 443.471
current_iteration: 1156
last_update_iteration: 212
current_time: 15.0102s
last_update_time: 2.76948s
largest_iteration_offset: 115
stalled_iterations: 944
path_relink_time: 0s
num_path_relink_calls: 0
num_homogenities: 0
num_best_improvements: 0
num_elite_improvements: 0
num_exchanges: 0
num_shakes: 0
num_resets: 0
