Custom stopping criteria not supplied by the user. Using max. time = 30s and max. stall_offset = 0
Using 1 threads for decoding
initialization time: 0.0181864
best warm start solution: 524.83
TSP tour:
0 18 16 9 22 3 11 2 5 42 20 13 24 25 36 43 15 44 17 1 48 38 7 47 26 19 40 29 27 41 31 34 23 30 39 46 12 6 8 37 33 49 32 45 14 21 10 4 28 35 
Operations:
0,16,9|9,22,3|3,11,2|2,5,42|5,20,13|13,24,25|25,36,43|43,15,44|44,1,48|48,38,7|7,47,19|19,40,29|29,41,31|31,34,30|30,39,46|46,12,6|6,8,37|37,33,49|49,32,45|45,14,21|21,4,28|28,35,0|
method: def_initPop
seed: 297720
Instance: 1
best_fitness: 435.568
current_iteration: 2523
last_update_iteration: 147
current_time: 30.0066s
last_update_time: 1.75541s
largest_iteration_offset: 27
stalled_iterations: 2376
path_relink_time: 0s
num_path_relink_calls: 0
num_homogenities: 0
num_best_improvements: 0
num_elite_improvements: 0
num_exchanges: 0
num_shakes: 0
num_resets: 0
