Custom stopping criteria not supplied by the user. Using max. time = 15s and max. stall_offset = 0
Using 1 threads for decoding
initialization time: 0.0381327
best warm start solution: 950.46
TSP tour:
0 11 7 2 68 51 50 25 37 33 17 13 16 22 48 71 47 61 1 27 35 31 9 49 74 64 8 63 70 28 54 26 58 60 29 46 53 32 12 52 10 19 34 43 65 36 20 21 5 4 69 55 23 45 40 66 57 38 44 30 39 67 56 15 41 73 3 42 72 62 24 59 14 18 6 
Operations:
0,7,68|68,51,50|50,25,16|16,22,48|48,27,31|31,9,49|49,74,8|8,63,70|70,28,54|54,26,58|58,60,29|29,46,53|53,32,10|10,34,43|43,20,21|21,5,4|4,69,55|55,45,40|40,66,57|57,44,30|30,39,67|67,15,41|41,73,3|3,42,72|72,62,59|59,14,18|18,6,0|
method: def_initPop
seed: 1764168
Instance: 1
best_fitness: 790.384
current_iteration: 699
last_update_iteration: 432
current_time: 15.0116s
last_update_time: 9.25247s
largest_iteration_offset: 201
stalled_iterations: 267
path_relink_time: 0s
num_path_relink_calls: 0
num_homogenities: 0
num_best_improvements: 0
num_elite_improvements: 0
num_exchanges: 0
num_shakes: 0
num_resets: 0
