Custom stopping criteria not supplied by the user. Using max. time = 120s and max. stall_offset = 0
Using 1 threads for decoding
initialization time: 0.0287567
best warm start solution: 934.327
TSP tour:
0 43 22 3 41 10 31 25 36 18 24 34 48 26 11 17 27 8 20 39 40 37 16 21 4 7 28 23 15 47 35 38 44 14 33 46 1 2 30 5 12 45 32 29 42 49 6 13 19 9 
Operations:
0,43,22|22,3,41|41,10,31|31,25,36|36,18,34|34,48,26|26,11,17|17,27,8|8,20,39|39,40,37|37,21,4|4,7,28|28,23,15|15,47,35|35,38,44|44,14,33|33,46,1|1,2,30|30,45,29|29,42,49|49,6,13|13,9,0|
method: def_initPop
seed: 7515072
Instance: 1
best_fitness: 818.235
current_iteration: 9865
last_update_iteration: 275
current_time: 120.01s
last_update_time: 3.33633s
largest_iteration_offset: 77
stalled_iterations: 9590
path_relink_time: 0s
num_path_relink_calls: 0
num_homogenities: 0
num_best_improvements: 0
num_elite_improvements: 0
num_exchanges: 0
num_shakes: 0
num_resets: 0
