Custom stopping criteria not supplied by the user. Using max. time = 60s and max. stall_offset = 0
Using 1 threads for decoding
initialization time: 0.0597006
best warm start solution: 1264.61
TSP tour:
0 77 63 76 33 24 96 56 69 16 15 45 89 55 7 35 34 44 54 74 86 64 91 58 38 60 11 94 66 36 43 2 14 50 53 82 6 49 71 73 1 79 39 19 25 28 17 61 4 37 20 80 47 99 31 10 30 48 51 57 65 9 32 85 84 59 97 13 70 62 92 81 87 52 12 88 78 90 41 75 67 95 8 3 83 98 27 40 5 22 72 18 21 26 23 68 46 29 93 42 
Operations:
0,-1,77|77,33,96|96,16,45|45,7,86|86,36,14|14,73,1|1,79,17|17,47,99|99,-1,31|31,48,51|51,57,70|70,52,78|78,67,3|3,83,26|26,68,29|29,42,0|
method: def_initPop
seed: 297720
Instance: 1
best_fitness: 1237.71
current_iteration: 1550
last_update_iteration: 225
current_time: 60.0239s
last_update_time: 8.35256s
largest_iteration_offset: 113
stalled_iterations: 1325
path_relink_time: 0s
num_path_relink_calls: 0
num_homogenities: 0
num_best_improvements: 0
num_elite_improvements: 0
num_exchanges: 0
num_shakes: 0
num_resets: 0
