Custom stopping criteria not supplied by the user. Using max. time = 240s and max. stall_offset = 0
Using 1 threads for decoding
initialization time: 0.0617179
best warm start solution: 1150.82
TSP tour:
0 17 26 40 11 53 35 31 67 49 28 9 39 32 74 34 20 27 36 58 64 52 60 45 24 7 29 47 73 70 43 2 14 72 41 55 4 56 54 69 19 8 5 6 1 61 22 21 3 51 38 57 63 65 37 25 15 62 48 30 68 50 44 71 18 16 23 66 42 46 10 59 12 33 13 
Operations:
0,31,20|17,26,35|35,31,27|27,58,2|2,41,55|55,8,5|5,63,37|6,63,25|25,15,30|30,68,71|71,23,0|
method: def_initPop
seed: 297720
Instance: 1
best_fitness: 1130.4
current_iteration: 5687
last_update_iteration: 120
current_time: 240.002s
last_update_time: 4.67046s
largest_iteration_offset: 95
stalled_iterations: 5567
path_relink_time: 0s
num_path_relink_calls: 0
num_homogenities: 0
num_best_improvements: 0
num_elite_improvements: 0
num_exchanges: 0
num_shakes: 0
num_resets: 0
