Custom stopping criteria not supplied by the user. Using max. time = 15s and max. stall_offset = 0
Using 1 threads for decoding
initialization time: 0.0298343
best warm start solution: 828.992
TSP tour:
0 10 13 1 6 15 9 28 46 32 45 39 3 19 21 26 7 41 40 38 11 49 27 23 22 30 5 12 24 44 36 33 48 14 34 18 17 16 31 2 8 25 42 47 43 4 20 37 35 29 
Operations:
0,10,1|1,6,15|15,9,28|28,46,32|32,45,39|39,3,19|19,21,38|38,11,49|49,23,22|22,30,5|5,12,24|24,44,36|36,33,48|48,14,18|18,17,16|16,31,2|2,8,25|25,4,37|37,29,0|
method: def_initPop
seed: 7515072
Instance: 1
best_fitness: 668.094
current_iteration: 1188
last_update_iteration: 416
current_time: 15.0062s
last_update_time: 5.23989s
largest_iteration_offset: 130
stalled_iterations: 772
path_relink_time: 0s
num_path_relink_calls: 0
num_homogenities: 0
num_best_improvements: 0
num_elite_improvements: 0
num_exchanges: 0
num_shakes: 0
num_resets: 0
