Custom stopping criteria not supplied by the user. Using max. time = 60s and max. stall_offset = 0
Using 1 threads for decoding
initialization time: 0.0199511
best warm start solution: 935.8
TSP tour:
0 33 40 24 18 47 15 41 35 19 38 32 48 3 44 45 28 5 30 21 11 23 13 46 42 10 26 34 20 27 7 12 1 2 16 39 17 14 49 22 4 25 9 37 6 29 31 36 8 43 
Operations:
0,40,47|47,15,41|41,35,19|19,38,32|32,48,3|3,28,30|30,21,11|11,23,13|13,46,42|42,10,26|26,20,27|27,16,17|17,22,25|25,9,6|6,31,36|36,43,0|
method: def_initPop
seed: 7515072
Instance: 1
best_fitness: 830.62
current_iteration: 6606
last_update_iteration: 257
current_time: 60.0001s
last_update_time: 2.29618s
largest_iteration_offset: 62
stalled_iterations: 6349
path_relink_time: 0s
num_path_relink_calls: 0
num_homogenities: 0
num_best_improvements: 0
num_elite_improvements: 0
num_exchanges: 0
num_shakes: 0
num_resets: 0
