Custom stopping criteria not supplied by the user. Using max. time = 60s and max. stall_offset = 0
Using 1 threads for decoding
initialization time: 0.00659281
best warm start solution: 442.559
TSP tour:
0 16 13 22 28 19 35 10 47 33 32 48 42 44 29 38 9 11 2 49 4 26 34 40 31 30 20 39 36 3 27 21 46 15 14 37 41 7 17 1 5 8 24 18 12 45 25 23 6 43 
Operations:
0,16,22|22,28,19|19,35,10|10,-1,47|47,33,32|32,48,42|42,29,38|38,9,11|11,4,26|26,40,31|31,30,20|20,39,27|27,46,15|15,14,37|37,41,7|7,17,5|5,8,24|24,18,12|12,45,25|25,23,6|6,43,0|
method: def_initPop
seed: 1764168
Instance: 1
best_fitness: 379.483
current_iteration: 7577
last_update_iteration: 233
current_time: 60.0061s
last_update_time: 1.80441s
largest_iteration_offset: 46
stalled_iterations: 7344
path_relink_time: 0s
num_path_relink_calls: 0
num_homogenities: 0
num_best_improvements: 0
num_elite_improvements: 0
num_exchanges: 0
num_shakes: 0
num_resets: 0
