Custom stopping criteria not supplied by the user. Using max. time = 15s and max. stall_offset = 0
Using 1 threads for decoding
initialization time: 0.0717095
best warm start solution: 623.666
TSP tour:
0 61 46 25 26 68 22 67 55 59 8 17 70 41 45 31 39 49 73 60 36 47 57 15 23 1 32 65 40 64 14 58 19 13 7 74 11 69 42 34 20 71 28 51 6 3 24 30 52 66 56 72 53 37 29 9 62 63 27 12 43 50 4 33 18 16 48 10 38 2 54 21 5 35 44 
Operations:
0,61,26|26,68,59|59,17,45|45,31,73|73,47,23|60,47,1|1,40,14|14,19,7|7,74,34|34,28,6|6,3,72|72,37,62|62,50,48|48,54,21|21,35,0|
method: def_initPop
seed: 7515072
Instance: 1
best_fitness: 608.709
current_iteration: 404
last_update_iteration: 183
current_time: 15.0131s
last_update_time: 6.63807s
largest_iteration_offset: 83
stalled_iterations: 221
path_relink_time: 0s
num_path_relink_calls: 0
num_homogenities: 0
num_best_improvements: 0
num_elite_improvements: 0
num_exchanges: 0
num_shakes: 0
num_resets: 0
