Custom stopping criteria not supplied by the user. Using max. time = 60s and max. stall_offset = 0
Using 1 threads for decoding
initialization time: 0.0359423
best warm start solution: 846.71
TSP tour:
0 10 1 15 6 46 32 28 39 3 38 9 21 40 41 26 19 45 7 49 23 27 11 30 22 5 12 24 44 36 33 48 14 34 18 16 17 2 31 8 4 25 42 47 29 43 20 37 35 13 
Operations:
0,10,1|1,6,32|32,28,39|39,38,9|9,21,7|7,23,11|11,30,22|22,12,24|24,44,36|36,33,48|48,14,17|17,4,25|25,29,35|35,13,0|
method: def_initPop
seed: 297720
Instance: 1
best_fitness: 756.784
current_iteration: 4325
last_update_iteration: 103
current_time: 60.0077s
last_update_time: 1.39896s
largest_iteration_offset: 44
stalled_iterations: 4222
path_relink_time: 0s
num_path_relink_calls: 0
num_homogenities: 0
num_best_improvements: 0
num_elite_improvements: 0
num_exchanges: 0
num_shakes: 0
num_resets: 0
