Custom stopping criteria not supplied by the user. Using max. time = 15s and max. stall_offset = 0
Using 1 threads for decoding
initialization time: 0.0157954
best warm start solution: 474.155
TSP tour:
0 4 22 45 43 3 13 31 18 48 23 16 19 12 2 1 36 46 39 9 10 5 24 6 11 27 14 34 17 20 40 41 44 28 25 37 42 7 26 35 47 30 33 8 49 15 29 38 21 32 
Operations:
0,4,45|45,43,3|3,13,31|31,48,19|19,12,46|46,39,6|6,11,27|27,34,17|17,20,40|40,44,28|28,25,37|37,42,7|7,26,35|35,47,30|30,49,15|15,29,38|38,21,0|
method: def_initPop
seed: 2700001
Instance: 1
best_fitness: 433.114
current_iteration: 1157
last_update_iteration: 124
current_time: 15.007s
last_update_time: 1.59249s
largest_iteration_offset: 43
stalled_iterations: 1033
path_relink_time: 0s
num_path_relink_calls: 0
num_homogenities: 0
num_best_improvements: 0
num_elite_improvements: 0
num_exchanges: 0
num_shakes: 0
num_resets: 0
