Custom stopping criteria not supplied by the user. Using max. time = 120s and max. stall_offset = 0
Using 1 threads for decoding
initialization time: 0.018176
best warm start solution: 581.663
TSP tour:
0 22 18 9 16 3 36 2 5 42 20 13 24 25 48 43 15 44 17 1 38 47 7 41 26 40 19 29 27 34 31 30 39 23 46 6 8 12 37 49 45 33 32 21 14 10 11 35 4 28 
Operations:
0,22,9|9,16,3|3,36,2|2,20,13|13,24,25|25,48,43|43,15,44|44,1,38|38,47,7|7,41,19|19,34,30|30,39,6|6,8,37|37,33,21|21,4,0|
method: def_initPop
seed: 1764168
Instance: 1
best_fitness: 482.792
current_iteration: 9045
last_update_iteration: 239
current_time: 120.001s
last_update_time: 3.12402s
largest_iteration_offset: 79
stalled_iterations: 8806
path_relink_time: 0s
num_path_relink_calls: 0
num_homogenities: 0
num_best_improvements: 0
num_elite_improvements: 0
num_exchanges: 0
num_shakes: 0
num_resets: 0
