Custom stopping criteria not supplied by the user. Using max. time = 60s and max. stall_offset = 0
Using 1 threads for decoding
initialization time: 0.176032
best warm start solution: 1487.25
TSP tour:
0 74 37 51 43 72 11 21 68 38 62 18 42 7 29 8 27 40 31 58 39 2 65 34 49 59 4 15 3 9 17 67 22 19 12 35 52 24 50 5 48 16 23 13 30 25 45 44 6 61 33 57 63 28 64 66 71 26 73 70 53 20 32 69 54 47 1 41 14 60 46 55 56 10 36 
Operations:
0,37,62|62,7,29|29,27,39|39,4,15|15,17,22|22,35,52|52,48,23|23,25,45|45,6,33|33,71,70|70,20,69|69,41,14|14,55,56|56,36,0|
method: def_initPop
seed: 2700001
Instance: 1
best_fitness: 1425.07
current_iteration: 2093
last_update_iteration: 128
current_time: 60.0252s
last_update_time: 3.51374s
largest_iteration_offset: 82
stalled_iterations: 1965
path_relink_time: 0s
num_path_relink_calls: 0
num_homogenities: 0
num_best_improvements: 0
num_elite_improvements: 0
num_exchanges: 0
num_shakes: 0
num_resets: 0
