Custom stopping criteria not supplied by the user. Using max. time = 15s and max. stall_offset = 0
Using 1 threads for decoding
initialization time: 0.0568454
best warm start solution: 538.084
TSP tour:
0 12 37 50 67 31 4 28 74 43 33 21 70 14 49 61 23 44 10 63 7 30 6 62 9 42 22 39 15 60 3 36 45 29 27 13 26 35 54 32 59 57 24 47 5 38 65 58 11 34 19 25 40 46 18 17 55 48 20 73 68 71 51 64 56 53 1 66 72 69 41 2 8 52 16 
Operations:
0,12,37|37,50,31|31,4,28|28,74,43|43,33,21|21,70,14|14,61,23|23,10,30|30,6,62|62,39,60|60,3,36|36,45,29|29,27,54|54,32,59|59,24,47|47,38,65|65,58,11|11,19,25|34,19,40|40,46,17|17,48,73|73,68,51|51,64,56|56,53,1|1,72,41|41,8,16|16,-1,0|
method: def_initPop
seed: 2700001
Instance: 1
best_fitness: 479.966
current_iteration: 678
last_update_iteration: 407
current_time: 15.0214s
last_update_time: 8.96065s
largest_iteration_offset: 182
stalled_iterations: 271
path_relink_time: 0s
num_path_relink_calls: 0
num_homogenities: 0
num_best_improvements: 0
num_elite_improvements: 0
num_exchanges: 0
num_shakes: 0
num_resets: 0
