Custom stopping criteria not supplied by the user. Using max. time = 120s and max. stall_offset = 0
Using 1 threads for decoding
initialization time: 0.0554448
best warm start solution: 940.893
TSP tour:
0 5 46 19 45 12 4 13 31 39 49 2 69 38 65 44 3 16 60 66 25 55 27 57 50 41 71 7 30 42 22 14 58 28 63 64 21 74 36 24 73 52 33 59 43 6 47 32 56 53 8 26 40 68 37 35 10 18 29 72 15 51 70 34 1 48 23 20 9 17 61 62 54 11 67 
Operations:
0,19,45|45,12,4|4,13,31|31,39,49|49,2,69|69,38,65|65,44,3|3,16,66|66,25,55|55,27,71|71,28,64|64,74,36|36,24,73|73,59,43|43,6,47|47,32,56|56,53,8|8,26,40|40,68,37|37,10,72|72,15,70|70,34,1|1,48,23|23,9,17|17,61,62|62,54,11|11,67,0|
method: def_initPop
seed: 2700001
Instance: 1
best_fitness: 789.574
current_iteration: 5505
last_update_iteration: 317
current_time: 120.01s
last_update_time: 6.78994s
largest_iteration_offset: 62
stalled_iterations: 5188
path_relink_time: 0s
num_path_relink_calls: 0
num_homogenities: 0
num_best_improvements: 0
num_elite_improvements: 0
num_exchanges: 0
num_shakes: 0
num_resets: 0
