Custom stopping criteria not supplied by the user. Using max. time = 15s and max. stall_offset = 0
Using 1 threads for decoding
initialization time: 0.0300643
best warm start solution: 678.169
TSP tour:
0 51 70 7 49 1 32 67 54 62 37 73 50 74 5 9 12 2 11 14 28 36 4 46 38 58 72 57 31 40 52 18 43 68 27 71 24 41 22 64 34 45 44 10 56 69 47 29 61 48 15 17 3 6 59 23 42 30 21 33 53 35 55 65 16 60 13 19 66 20 25 26 8 63 39 
Operations:
0,51,70|70,49,1|1,32,54|54,62,37|37,73,50|50,74,12|12,2,11|11,4,38|38,58,72|72,57,31|31,52,18|18,43,68|68,71,24|24,41,22|22,45,10|64,45,56|56,69,61|61,15,3|3,59,42|42,30,33|33,53,35|35,55,65|65,16,60|60,13,19|19,66,25|25,26,8|8,39,0|
method: def_initPop
seed: 297720
Instance: 1
best_fitness: 612.735
current_iteration: 672
last_update_iteration: 234
current_time: 15.0042s
last_update_time: 5.16879s
largest_iteration_offset: 55
stalled_iterations: 438
path_relink_time: 0s
num_path_relink_calls: 0
num_homogenities: 0
num_best_improvements: 0
num_elite_improvements: 0
num_exchanges: 0
num_shakes: 0
num_resets: 0
