Custom stopping criteria not supplied by the user. Using max. time = 15s and max. stall_offset = 0
Using 1 threads for decoding
initialization time: 0.119069
best warm start solution: 1218.1
TSP tour:
0 21 46 66 20 16 56 59 32 54 72 50 60 37 92 28 75 81 6 43 74 79 73 61 71 18 40 23 41 26 45 95 51 27 36 17 39 67 4 48 80 70 99 1 38 69 64 42 22 86 3 14 55 2 97 31 85 90 24 93 34 94 25 11 13 62 89 52 19 91 29 53 82 30 7 44 96 35 63 88 9 87 84 65 98 77 68 76 5 83 57 58 47 10 12 78 33 8 15 49 
Operations:
0,21,46|46,66,16|16,59,32|32,54,72|72,50,60|60,37,92|37,92,28|28,75,81|81,6,43|43,74,79|79,73,61|61,71,18|18,40,41|41,26,45|45,27,36|36,17,39|39,67,4|4,48,80|80,70,38|38,69,64|64,86,14|14,55,97|97,31,85|85,24,93|93,34,94|94,25,11|11,13,62|62,89,52|52,19,91|91,29,53|53,82,30|30,44,96|7,44,35|35,63,88|88,9,84|84,65,98|98,77,68|68,76,5|5,83,57|57,58,47|47,12,78|78,8,0|
method: def_initPop
seed: 2700001
Instance: 1
best_fitness: 992.536
current_iteration: 567
last_update_iteration: 321
current_time: 15.0199s
last_update_time: 8.46492s
largest_iteration_offset: 54
stalled_iterations: 246
path_relink_time: 0s
num_path_relink_calls: 0
num_homogenities: 0
num_best_improvements: 0
num_elite_improvements: 0
num_exchanges: 0
num_shakes: 0
num_resets: 0
