Custom stopping criteria not supplied by the user. Using max. time = 15s and max. stall_offset = 0
Using 1 threads for decoding
initialization time: 0.0249858
best warm start solution: 405.552
TSP tour:
0 11 35 3 4 18 5 14 20 7 43 39 21 15 31 6 47 25 16 49 29 46 28 26 1 45 48 40 22 38 9 10 8 24 36 41 37 30 34 32 2 33 42 13 19 12 44 23 27 17 
Operations:
0,11,3|3,4,18|18,5,14|14,20,7|7,43,39|39,21,15|15,31,47|47,25,16|16,49,29|29,46,28|28,26,1|1,45,48|48,22,38|38,9,10|10,24,36|36,41,37|37,30,32|32,2,33|33,13,19|19,12,27|27,17,0|
method: def_initPop
seed: 2700001
Instance: 1
best_fitness: 341.549
current_iteration: 1275
last_update_iteration: 360
current_time: 15.0031s
last_update_time: 4.23173s
largest_iteration_offset: 192
stalled_iterations: 915
path_relink_time: 0s
num_path_relink_calls: 0
num_homogenities: 0
num_best_improvements: 0
num_elite_improvements: 0
num_exchanges: 0
num_shakes: 0
num_resets: 0
