Custom stopping criteria not supplied by the user. Using max. time = 15s and max. stall_offset = 0
Using 1 threads for decoding
initialization time: 0.0242518
best warm start solution: 767.24
TSP tour:
0 70 51 71 49 7 1 32 62 67 54 37 74 73 5 50 57 72 31 40 18 52 10 44 43 68 27 24 41 64 22 34 69 45 56 47 29 61 4 58 38 46 9 36 28 14 12 11 2 30 23 6 3 48 17 59 42 21 33 53 35 55 15 65 16 60 13 66 19 25 20 26 39 63 8 
Operations:
0,51,49|49,7,1|1,74,50|50,72,40|40,52,43|43,45,47|47,61,36|36,12,2|2,48,17|17,15,65|65,16,19|19,26,39|25,39,63|63,8,0|
method: def_initPop
seed: 7515072
Instance: 1
best_fitness: 766.477
current_iteration: 398
last_update_iteration: 118
current_time: 15.0296s
last_update_time: 4.28162s
largest_iteration_offset: 86
stalled_iterations: 280
path_relink_time: 0s
num_path_relink_calls: 0
num_homogenities: 0
num_best_improvements: 0
num_elite_improvements: 0
num_exchanges: 0
num_shakes: 0
num_resets: 0
