Custom stopping criteria not supplied by the user. Using max. time = 15s and max. stall_offset = 0
Using 1 threads for decoding
initialization time: 0.0573549
best warm start solution: 591.468
TSP tour:
0 37 67 31 28 4 74 33 43 21 49 6 30 7 63 44 23 14 70 29 61 10 27 13 26 35 54 32 24 38 57 47 5 65 58 11 34 59 25 68 51 71 73 20 40 18 17 19 55 46 48 69 66 1 56 64 53 15 60 3 45 36 72 62 9 42 22 50 39 12 41 8 2 52 16 
Operations:
0,28,74|74,43,6|6,63,23|23,29,27|27,13,32|32,57,47|47,59,68|68,40,18|18,19,53|53,15,36|36,72,50|50,8,0|
method: def_initPop
seed: 297720
Instance: 1
best_fitness: 575.004
current_iteration: 403
last_update_iteration: 137
current_time: 15.0116s
last_update_time: 4.92169s
largest_iteration_offset: 76
stalled_iterations: 266
path_relink_time: 0s
num_path_relink_calls: 0
num_homogenities: 0
num_best_improvements: 0
num_elite_improvements: 0
num_exchanges: 0
num_shakes: 0
num_resets: 0
