Custom stopping criteria not supplied by the user. Using max. time = 15s and max. stall_offset = 0
Using 1 threads for decoding
initialization time: 0.040008
best warm start solution: 1246.73
TSP tour:
0 72 7 23 46 22 5 56 27 19 10 35 3 18 47 37 44 58 11 43 40 6 25 38 69 30 63 62 68 42 52 51 66 4 74 36 17 32 71 39 65 13 24 48 29 34 61 2 67 49 73 50 21 16 26 45 15 14 57 33 8 59 55 28 12 1 31 9 60 64 70 54 53 20 41 
Operations:
0,56,19|72,56,10|10,47,11|11,43,38|38,30,63|63,62,36|36,13,24|17,13,48|48,29,73|73,45,15|15,14,55|55,70,0|
method: def_initPop
seed: 1764168
Instance: 1
best_fitness: 1195.36
current_iteration: 384
last_update_iteration: 243
current_time: 15.0364s
last_update_time: 9.43898s
largest_iteration_offset: 86
stalled_iterations: 141
path_relink_time: 0s
num_path_relink_calls: 0
num_homogenities: 0
num_best_improvements: 0
num_elite_improvements: 0
num_exchanges: 0
num_shakes: 0
num_resets: 0
