Custom stopping criteria not supplied by the user. Using max. time = 15s and max. stall_offset = 0
Using 1 threads for decoding
initialization time: 0.0399983
best warm start solution: 1246.73
TSP tour:
0 56 7 23 46 22 5 27 19 10 47 35 3 18 37 44 58 11 40 6 43 69 30 63 38 25 62 42 68 52 66 4 51 36 17 74 32 13 71 39 65 24 48 34 61 72 2 67 49 73 50 29 21 16 26 45 15 14 57 33 8 59 55 28 12 1 31 9 64 60 54 70 53 41 20 
Operations:
0,56,10|10,47,11|11,43,42|42,68,4|4,74,32|32,13,48|48,72,73|73,16,26|50,45,15|15,14,55|55,70,0|
method: def_initPop
seed: 2700001
Instance: 1
best_fitness: 1196.87
current_iteration: 377
last_update_iteration: 177
current_time: 15.0267s
last_update_time: 6.87489s
largest_iteration_offset: 72
stalled_iterations: 200
path_relink_time: 0s
num_path_relink_calls: 0
num_homogenities: 0
num_best_improvements: 0
num_elite_improvements: 0
num_exchanges: 0
num_shakes: 0
num_resets: 0
