Custom stopping criteria not supplied by the user. Using max. time = 15s and max. stall_offset = 0
Using 1 threads for decoding
initialization time: 0.0509044
best warm start solution: 1085.32
TSP tour:
0 27 54 15 50 6 49 66 55 32 36 29 21 41 44 30 64 24 52 31 58 23 39 57 37 17 5 68 48 19 60 40 13 70 59 20 42 46 62 33 63 25 69 26 4 71 65 61 28 56 51 9 67 18 35 45 73 53 1 14 22 38 3 11 47 72 34 12 2 10 16 8 43 7 74 
Operations:
0,27,15|15,50,6|6,66,55|55,29,44|44,64,24|24,52,31|31,23,17|17,19,60|60,40,70|70,59,20|20,42,46|46,62,63|63,25,69|69,26,4|4,71,61|61,28,56|56,51,67|67,18,35|35,45,73|73,53,1|1,14,22|22,38,3|3,11,47|47,72,34|34,12,2|2,8,43|43,7,74|74,-1,0|
method: def_initPop
seed: 8434820
Instance: 1
best_fitness: 971.157
current_iteration: 658
last_update_iteration: 324
current_time: 15.005s
last_update_time: 7.34111s
largest_iteration_offset: 154
stalled_iterations: 334
path_relink_time: 0s
num_path_relink_calls: 0
num_homogenities: 0
num_best_improvements: 0
num_elite_improvements: 0
num_exchanges: 0
num_shakes: 0
num_resets: 0
