Custom stopping criteria not supplied by the user. Using max. time = 30s and max. stall_offset = 0
Using 1 threads for decoding
initialization time: 0.035659
best warm start solution: 555.174
TSP tour:
0 13 56 70 24 49 33 53 47 26 30 45 73 65 50 6 27 46 39 44 21 63 3 5 74 18 1 32 15 38 57 11 51 41 35 43 16 72 48 66 17 60 34 8 42 69 54 68 2 40 31 20 19 67 61 59 9 10 64 29 71 36 4 58 22 23 12 55 7 37 28 14 62 25 52 
Operations:
0,13,24|24,47,26|49,47,30|30,50,6|6,27,5|5,1,32|32,38,48|48,60,8|66,60,42|42,68,40|40,61,9|9,71,22|22,12,7|7,14,62|62,52,0|
method: def_initPop
seed: 7515072
Instance: 1
best_fitness: 546.225
current_iteration: 811
last_update_iteration: 166
current_time: 30.0075s
last_update_time: 5.90572s
largest_iteration_offset: 98
stalled_iterations: 645
path_relink_time: 0s
num_path_relink_calls: 0
num_homogenities: 0
num_best_improvements: 0
num_elite_improvements: 0
num_exchanges: 0
num_shakes: 0
num_resets: 0
