Custom stopping criteria not supplied by the user. Using max. time = 60s and max. stall_offset = 0
Using 1 threads for decoding
initialization time: 0.0397619
best warm start solution: 913.106
TSP tour:
0 8 24 34 41 18 38 6 40 5 43 20 46 1 16 3 9 15 48 47 12 45 49 31 13 27 10 29 35 14 2 26 4 39 7 17 22 21 44 19 28 37 30 42 11 25 23 32 36 33 
Operations:
0,24,41|41,18,38|38,6,5|5,43,20|20,46,1|1,3,9|9,15,48|48,47,12|12,45,49|49,27,10|10,35,14|14,2,26|26,7,17|17,22,21|21,44,19|19,28,37|37,30,11|11,23,32|32,36,0|
method: def_initPop
seed: 2700001
Instance: 1
best_fitness: 780.478
current_iteration: 4805
last_update_iteration: 789
current_time: 60.003s
last_update_time: 9.87331s
largest_iteration_offset: 645
stalled_iterations: 4016
path_relink_time: 0s
num_path_relink_calls: 0
num_homogenities: 0
num_best_improvements: 0
num_elite_improvements: 0
num_exchanges: 0
num_shakes: 0
num_resets: 0
