Custom stopping criteria not supplied by the user. Using max. time = 30s and max. stall_offset = 0
Using 1 threads for decoding
initialization time: 0.0215356
best warm start solution: 494.29
TSP tour:
0 23 64 40 69 66 58 32 29 22 59 27 54 24 72 3 67 55 20 2 45 48 50 10 35 46 53 18 39 36 16 37 41 52 5 47 26 38 44 33 70 9 56 30 11 14 61 68 71 15 8 31 6 7 62 34 28 43 1 12 65 73 60 57 42 4 74 25 13 49 19 51 17 63 21 
Operations:
0,23,64|64,40,69|69,66,58|66,58,32|32,27,54|54,24,72|72,67,55|55,2,45|45,48,50|50,10,35|35,18,36|36,16,41|41,52,5|5,47,44|44,33,70|70,9,30|30,14,61|61,71,15|15,8,31|31,6,62|62,34,28|28,1,12|12,73,60|60,42,4|4,74,25|25,13,49|49,19,51|51,17,63|63,21,0|
method: def_initPop
seed: 7515072
Instance: 1
best_fitness: 453.203
current_iteration: 1352
last_update_iteration: 367
current_time: 30.0021s
last_update_time: 8.06598s
largest_iteration_offset: 108
stalled_iterations: 985
path_relink_time: 0s
num_path_relink_calls: 0
num_homogenities: 0
num_best_improvements: 0
num_elite_improvements: 0
num_exchanges: 0
num_shakes: 0
num_resets: 0
