Custom stopping criteria not supplied by the user. Using max. time = 15s and max. stall_offset = 0
Using 1 threads for decoding
initialization time: 0.0686633
best warm start solution: 603.928
TSP tour:
0 81 59 52 86 10 95 92 22 41 46 47 42 77 17 88 18 58 93 74 21 75 60 1 29 85 96 73 66 16 50 90 69 80 65 14 79 30 23 45 2 32 82 24 36 44 91 63 98 13 19 48 8 34 62 56 9 40 71 28 26 99 51 94 12 64 35 70 55 67 83 33 54 15 72 84 53 57 20 39 31 49 61 3 5 25 76 89 78 6 7 38 37 4 27 87 11 68 97 43 
Operations:
0,81,59|59,52,86|86,10,95|95,92,41|41,46,47|47,77,88|88,18,58|58,93,74|74,21,60|60,1,85|85,96,73|73,66,16|16,50,80|80,65,79|79,30,23|30,23,45|45,2,32|32,82,24|24,36,44|44,98,13|13,8,34|34,62,56|56,40,71|71,28,26|26,99,94|94,12,64|64,35,55|55,67,83|83,33,54|54,15,72|72,84,57|57,39,31|31,49,61|61,3,5|5,25,76|76,89,78|78,6,7|6,7,38|38,37,4|4,27,87|87,11,97|97,43,0|
method: def_initPop
seed: 1764168
Instance: 1
best_fitness: 519.268
current_iteration: 615
last_update_iteration: 298
current_time: 15.0146s
last_update_time: 7.18397s
largest_iteration_offset: 105
stalled_iterations: 317
path_relink_time: 0s
num_path_relink_calls: 0
num_homogenities: 0
num_best_improvements: 0
num_elite_improvements: 0
num_exchanges: 0
num_shakes: 0
num_resets: 0
