Custom stopping criteria not supplied by the user. Using max. time = 15s and max. stall_offset = 0
Using 1 threads for decoding
initialization time: 0.0571399
best warm start solution: 1011.65
TSP tour:
0 55 25 39 49 30 37 1 15 26 38 52 11 44 59 64 74 19 53 12 61 42 67 10 63 8 14 31 3 16 66 20 36 9 27 29 21 7 54 41 22 40 68 33 13 71 28 34 18 72 24 45 17 65 6 4 32 5 58 69 62 51 43 73 23 48 60 2 35 50 56 70 57 46 47 
Operations:
0,55,25|25,49,30|30,37,1|1,15,38|38,52,11|11,44,59|44,59,64|64,53,12|12,61,67|67,63,8|8,14,31|31,3,16|16,66,20|20,36,9|9,27,21|21,7,54|54,41,22|22,33,28|28,72,24|24,17,65|65,6,4|4,5,58|58,62,51|51,43,73|73,23,48|48,60,2|2,35,50|50,56,70|70,57,46|46,47,0|
method: def_initPop
seed: 7515072
Instance: 1
best_fitness: 837.788
current_iteration: 720
last_update_iteration: 290
current_time: 15.0205s
last_update_time: 6.01984s
largest_iteration_offset: 41
stalled_iterations: 430
path_relink_time: 0s
num_path_relink_calls: 0
num_homogenities: 0
num_best_improvements: 0
num_elite_improvements: 0
num_exchanges: 0
num_shakes: 0
num_resets: 0
