Custom stopping criteria not supplied by the user. Using max. time = 60s and max. stall_offset = 0
Using 1 threads for decoding
initialization time: 0.482892
best warm start solution: 745.099
TSP tour:
0 81 18 69 9 3 77 57 59 48 64 29 5 54 83 39 49 82 53 36 62 63 33 4 34 27 66 52 78 15 16 74 45 1 65 21 20 46 56 19 94 72 75 42 23 97 68 61 25 31 98 89 93 40 37 24 14 26 96 28 92 11 30 12 87 60 2 6 86 85 70 44 67 84 58 22 8 7 55 13 95 17 91 73 35 79 76 47 50 32 38 99 10 80 88 43 51 71 90 41 
Operations:
0,81,18|18,69,9|9,3,77|77,57,59|59,5,83|83,39,49|49,53,36|36,63,33|33,4,34|34,52,16|16,1,65|65,21,20|20,94,72|72,75,23|23,97,68|68,61,31|31,-1,98|98,89,93|93,24,14|14,26,96|96,28,11|11,-1,30|30,87,60|60,2,86|86,85,70|70,58,22|22,8,7|7,55,13|13,95,91|91,-1,73|73,35,79|79,76,47|47,50,32|32,38,99|99,10,88|88,43,51|51,71,90|90,41,0|
method: def_initPop
seed: 7515072
Instance: 1
best_fitness: 706.448
current_iteration: 2821
last_update_iteration: 469
current_time: 60.0189s
last_update_time: 9.94773s
largest_iteration_offset: 226
stalled_iterations: 2352
path_relink_time: 0s
num_path_relink_calls: 0
num_homogenities: 0
num_best_improvements: 0
num_elite_improvements: 0
num_exchanges: 0
num_shakes: 0
num_resets: 0
