Custom stopping criteria not supplied by the user. Using max. time = 15s and max. stall_offset = 0
Using 1 threads for decoding
initialization time: 0.186391
best warm start solution: 980.572
TSP tour:
0 6 58 37 47 67 43 23 4 63 28 13 19 30 10 15 57 61 56 42 21 25 17 9 33 51 8 18 7 44 5 55 46 69 32 64 50 71 52 16 31 3 73 65 54 70 24 14 1 62 22 27 45 11 48 35 12 38 72 59 53 60 34 29 2 20 49 26 39 36 40 41 74 66 68 
Operations:
0,67,63|63,28,30|30,15,56|56,17,33|33,8,5|5,55,50|50,52,1|1,22,45|45,59,53|11,59,60|60,34,0|
method: def_initPop
seed: 8434820
Instance: 1
best_fitness: 943.468
current_iteration: 390
last_update_iteration: 180
current_time: 15.0186s
last_update_time: 6.72233s
largest_iteration_offset: 87
stalled_iterations: 210
path_relink_time: 0s
num_path_relink_calls: 0
num_homogenities: 0
num_best_improvements: 0
num_elite_improvements: 0
num_exchanges: 0
num_shakes: 0
num_resets: 0
