Custom stopping criteria not supplied by the user. Using max. time = 120s and max. stall_offset = 0
Using 1 threads for decoding
initialization time: 0.0423894
best warm start solution: 805.762
TSP tour:
0 6 12 25 23 4 69 8 39 31 2 37 36 44 10 13 59 21 41 70 63 72 62 46 1 24 65 52 22 57 73 14 42 61 71 27 51 9 58 33 45 26 47 3 66 34 5 53 67 15 48 60 64 35 49 50 38 28 20 18 74 7 30 29 54 19 32 68 40 43 11 55 16 56 17 
Operations:
0,6,12|12,25,23|23,4,69|69,8,39|39,2,37|37,21,22|22,57,14|14,61,71|71,9,58|58,33,45|45,3,66|66,34,5|5,67,15|15,60,35|35,49,20|20,18,74|74,7,30|30,19,32|32,40,43|43,55,56|56,17,0|
method: def_initPop
seed: 1764168
Instance: 1
best_fitness: 698.484
current_iteration: 4929
last_update_iteration: 402
current_time: 120.021s
last_update_time: 9.67482s
largest_iteration_offset: 213
stalled_iterations: 4527
path_relink_time: 0s
num_path_relink_calls: 0
num_homogenities: 0
num_best_improvements: 0
num_elite_improvements: 0
num_exchanges: 0
num_shakes: 0
num_resets: 0
